# 29-04-2026 10:47:57
# star_mass = 15.6269593047138304
# num_shells = 196
# element_names = h1, he3, he4, c12, n14, o16
id      mass                      dm                        radius                    density                   pressure                  e_thermal                 buoyancy                  temperature               mean_mu                   passive_scalar            h1                        he3                       he4                       c12                       n14                       o16                       
0       7.9970613169996457e-02    7.9970613169996457e-02    6.5399243296765761e-02    1.4118774737808989e+01    6.5877259917434072e+16    7.4222595407995220e+15    1.2823063293213094e+16    3.5454289996511661e+07    6.7245835547149024e-01    0.0000000000000000e+00    6.0130634777025771e-01    2.7628361692965696e-07    3.8469675105561130e-01    7.4774749740666129e-05    7.6665400361118777e-03    1.8605628441310754e-03    
1       1.5957214941542269e-01    7.9601536245426235e-02    2.2751412844175237e-01    1.3532123904629794e+01    6.2051485680986248e+16    7.2910940252373250e+15    1.2951812814292434e+16    3.4860382126921281e+07    6.7245835544100840e-01    0.0000000000000000e+00    6.0130634782537695e-01    2.7628388087689507e-07    3.8469675099732448e-01    7.4774733052129387e-05    7.6665400547279751e-03    1.8605628451069185e-03    
2       2.4008265937947340e-01    8.0510509964050708e-02    2.7256706379977574e-01    1.3093190227028659e+01    5.9255805016809336e+16    7.1939375687176070e+15    1.3059226671322440e+16    3.4416962763988905e+07    6.7245835541694876e-01    0.0000000000000000e+00    6.0130634786881054e-01    2.7628408525102137e-07    3.8469675095175587e-01    7.4774722028491642e-05    7.6665400669350750e-03    1.8605628458541279e-03    
3       3.2092595239573135e-01    8.0843293016257950e-02    3.0765723243188337e-01    1.2709717646995468e+01    5.6851489456214168e+16    7.1085773983185920e+15    1.3159162604111348e+16    3.4025991686658703e+07    6.7245835539578080e-01    0.0000000000000000e+00    6.0130634790697812e-01    2.7628426151203675e-07    3.8469675091194250e-01    7.4774713694644317e-05    7.6665400760950846e-03    1.8605628464973447e-03    
4       4.0333506817728826e-01    8.2409115781556908e-02    3.3826702738254705e-01    1.2359822093453648e+01    5.4693532394011216e+16    7.0309575777688950e+15    1.3257167374965970e+16    3.3668633145685874e+07    6.7245835537637177e-01    0.0000000000000000e+00    6.0130634794193982e-01    2.7628441968363264e-07    3.8469675087564775e-01    7.4774707080158285e-05    7.6665400833050637e-03    1.8605628470766832e-03    
5       4.8237903419129569e-01    7.9043966014007427e-02    3.6372247503161803e-01    1.2034518525408096e+01    5.2718106430995568e+16    6.9590609188287960e+15    1.3354678385181112e+16    3.3335957518482063e+07    6.7245835535839438e-01    0.0000000000000000e+00    6.0130634797429605e-01    2.7628456283433393e-07    3.8469675084219607e-01    7.4774701762028085e-05    7.6665400890470452e-03    1.8605628476052575e-03    
6       5.6306101711518475e-01    8.0681982923889062e-02    3.8643515412008450e-01    1.1745673353151178e+01    5.0989519783172752e+16    6.8955293377400310e+15    1.3447012639555142e+16    3.3040506309254669e+07    6.7245835534256904e-01    0.0000000000000000e+00    6.0130634800275917e-01    2.7628468582809100e-07    3.8469675081287275e-01    7.4774697683358026e-05    7.6665400934034945e-03    1.8605628480646854e-03    
7       6.4663641516882187e-01    8.3575398053637118e-02    4.0822914906434526e-01    1.1459193740367260e+01    4.9298932746426648e+16    6.8328523359863510e+15    1.3544424250457674e+16    3.2747559080837503e+07    6.7245835532703924e-01    0.0000000000000000e+00    6.0130634803067384e-01    2.7628480350241864e-07    3.8469675078420229e-01    7.4774694188274626e-05    7.6665400970908531e-03    1.8605628485106737e-03    
8       7.3376125310494777e-01    8.7124837936125910e-02    4.2767877520092668e-01    1.1181591212702330e+01    4.7683720750017776e+16    6.7725083556970390e+15    1.3644907475852058e+16    3.2463997870334081e+07    6.7245835531218079e-01    0.0000000000000000e+00    6.0130634805736749e-01    2.7628491302530264e-07    3.8469675075686199e-01    7.4774691282421713e-05    7.6665401001112478e-03    1.8605628489332619e-03    
9       8.1775758345225147e-01    8.3996330347303694e-02    4.4736312572840381e-01    1.0915553025316068e+01    4.6156961749705792e+16    6.7150510004972180e+15    1.3747240804840016e+16    3.2192541693903238e+07    6.7245835529812181e-01    0.0000000000000000e+00    6.0130634808261330e-01    2.7628501372316090e-07    3.8469675073106741e-01    7.4774688892299758e-05    7.6665401025527626e-03    1.8605628493297906e-03    
10      8.9757628187561278e-01    7.9818698423361312e-02    4.6343085602003076e-01    1.0665776787364436e+01    4.4742883414483680e+16    6.6615429182334780e+15    1.3849300613142290e+16    3.1938283648931544e+07    6.7245835528510545e-01    0.0000000000000000e+00    6.0130634810597694e-01    2.7628510419274406e-07    3.8469675070724763e-01    7.4774686971226540e-05    7.6665401044751173e-03    1.8605628496942449e-03    
11      9.9582396447599997e-01    9.8247682600387187e-02    4.8221474262461878e-01    1.0391549298319577e+01    4.3212417722035560e+16    6.6033952675634010e+15    1.3968738233759990e+16    3.1660168306270506e+07    6.7245835527103748e-01    0.0000000000000000e+00    6.0130634813121986e-01    2.7628519877930514e-07    3.8469675068156350e-01    7.4774685185707921e-05    7.6665401062158290e-03    1.8605628500855515e-03    
12      1.0817634016729087e+00    8.5939437196908774e-02    5.0042352633028409e-01    1.0145717891888157e+01    4.1860063393327344e+16    6.5518418283577350e+15    1.4082919224873294e+16    3.1411876025183976e+07    6.7245835525855158e-01    0.0000000000000000e+00    6.0130634815361705e-01    2.7628527995065951e-07    3.8469675065881420e-01    7.4774683820285769e-05    7.6665401075066298e-03    1.8605628504309137e-03    
13      1.1628355450262449e+00    8.1072143353336124e-02    5.1437264402703986e-01    9.9249931923153714e+00    4.0661478164511432e+16    6.5060174676292590e+15    1.4191550313147212e+16    3.1189739939285394e+07    6.7245835524753828e-01    0.0000000000000000e+00    6.0130634817336648e-01    2.7628534913657571e-07    3.8469675063878489e-01    7.4774682781430596e-05    7.6665401084533577e-03    1.8605628507340798e-03    
14      1.2484857942550658e+00    8.5650249228820918e-02    5.2871714420240068e-01    9.6967731615975996e+00    3.9437406705978616e+16    6.4590622807402410e+15    1.4310246000304118e+16    3.0960686961748961e+07    6.7245835523633668e-01    0.0000000000000000e+00    6.0130634819345030e-01    2.7628541716048452e-07    3.8469675061844194e-01    7.4774681865447595e-05    7.6665401092532396e-03    1.8605628510412388e-03    
15      1.3277515863144234e+00    7.9265792059357576e-02    5.4310697932692797e-01    9.4920829819126080e+00    3.8355497204442480e+16    6.4178699688808860e+15    1.4423956978565862e+16    3.0757748802356239e+07    6.7245835522630770e-01    0.0000000000000000e+00    6.0130634821142814e-01    2.7628547604032612e-07    3.8469675060025199e-01    7.4774681152167777e-05    7.6665401098455705e-03    1.8605628513153299e-03    
16      1.4239431313843594e+00    9.6191545069935991e-02    5.5778173933397035e-01    9.2684875038490606e+00    3.7187947534087928e+16    6.3733627223898060e+15    1.4555179687926964e+16    3.0536904098697193e+07    6.7245835521553876e-01    0.0000000000000000e+00    6.0130634823072948e-01    2.7628553699407840e-07    3.8469675058074304e-01    7.4774680491548757e-05    7.6665401103595430e-03    1.8605628516087584e-03    
17      1.5146833818891445e+00    9.0740250504785180e-02    5.7368829902227525e-01    9.0367456829489328e+00    3.5994215188278488e+16    6.3279326884402650e+15    1.4699823882183770e+16    3.0309455401008543e+07    6.7245835520445352e-01    0.0000000000000000e+00    6.0130634825059481e-01    2.7628559736519276e-07    3.8469675056068242e-01    7.4774679907947515e-05    7.6665401107768212e-03    1.8605628519100014e-03    
18      1.5967639330637773e+00    8.2080551174632754e-02    5.8686420096381997e-01    8.8388145574192780e+00    3.4987346436460844e+16    6.2896356715662440e+15    1.4830626720285530e+16    3.0116097269787468e+07    6.7245835519502128e-01    0.0000000000000000e+00    6.0130634826749563e-01    2.7628564677695545e-07    3.8469675054362906e-01    7.4774679481222277e-05    7.6665401110508936e-03    1.8605628521657449e-03    
19      1.6825077117036373e+00    8.5743778639860047e-02    5.9909402351805674e-01    8.6451129781918716e+00    3.4015305585610764e+16    6.2530519612293040e+15    1.4966724939905832e+16    2.9929227221143872e+07    6.7245835518560282e-01    0.0000000000000000e+00    6.0130634828437091e-01    2.7628569430560863e-07    3.8469675052661284e-01    7.4774679111853299e-05    7.6665401112587708e-03    1.8605628524206617e-03    
20      1.7707918774591047e+00    8.8284165755467381e-02    6.1237940068448926e-01    8.4450372951083530e+00    3.3024850171688852e+16    6.2162040805386000e+15    1.5116238387454576e+16    2.9738636910061840e+07    6.7245835517516561e-01    0.0000000000000000e+00    6.0130634830306973e-01    2.7628574499277827e-07    3.8469675050776880e-01    7.4774678757154133e-05    7.6665401114257995e-03    1.8605628527027030e-03    
21      1.8655931552007006e+00    9.4801277741595857e-02    6.2571567236691650e-01    8.2404212458206825e+00    3.2026228799916120e+16    6.1795888326768320e+15    1.5279352492810982e+16    2.9546498660867378e+07    6.7245835516161578e-01    0.0000000000000000e+00    6.0130634832734264e-01    2.7628580811319942e-07    3.8469675048332125e-01    7.4774678361576153e-05    7.6665401115673945e-03    1.8605628530683200e-03    
22      1.9482074846610151e+00    8.2614329460314551e-02    6.3908292320516047e-01    8.0459411569880235e+00    3.1094481456567992e+16    6.1467600226270640e+15    1.5447322270409008e+16    2.9369868769224849e+07    6.7245835514866803e-01    0.0000000000000000e+00    6.0130634835053631e-01    2.7628586626910976e-07    3.8469675045997048e-01    7.4774678029624646e-05    7.6665401116492891e-03    1.8605628534173271e-03    
23      2.0381971063503723e+00    8.9989621689357202e-02    6.5137843665681139e-01    7.8578272905492543e+00    3.0212961029250848e+16    6.1177996717554180e+15    1.5625318131838984e+16    2.9207909737402745e+07    6.7245835513918661e-01    0.0000000000000000e+00    6.0130634836751995e-01    2.7628590717699169e-07    3.8469675044287871e-01    7.4774677818160106e-05    7.6665401116725916e-03    1.8605628536726483e-03    
24      2.1212715982580921e+00    8.3074491907719761e-02    6.6295052690236533e-01    7.6742390456035778e+00    2.9369940420375680e+16    6.0920536433044740e+15    1.5814255132263256e+16    2.9057683868454907e+07    6.7245835513266194e-01    0.0000000000000000e+00    6.0130634837920682e-01    2.7628593428295741e-07    3.8469675043112150e-01    7.4774677690004373e-05    7.6665401116684934e-03    1.8605628538482068e-03    
25      2.2005732771879640e+00    7.9301678929871944e-02    6.7484992386569542e-01    7.4993620573311643e+00    2.8582195753578480e+16    6.0698692787107080e+15    1.6009138787751054e+16    2.8921754823988080e+07    6.7245835512893393e-01    0.0000000000000000e+00    6.0130634838588426e-01    2.7628594921391713e-07    3.8469675042440582e-01    7.4774677625035090e-05    7.6665401116565775e-03    1.8605628539484496e-03    
26      2.2811389651800944e+00    8.0565687992130375e-02    6.8625030330141745e-01    7.3303689166025636e+00    2.7884649887817728e+16    6.0606603267656000e+15    1.6236594405059588e+16    2.8792632062075134e+07    6.7104140863027228e-01    0.0000000000000000e+00    6.0385002874270222e-01    1.5642440224297468e-06    3.8214536065282462e-01    6.6513894067578766e-05    7.6408650764626272e-03    1.9009201293895984e-03    
27      2.3626890527699738e+00    8.1550087589879361e-02    6.9542208288543572e-01    7.0380356338428109e+00    2.7179995152586896e+16    6.1488000593438180e+15    1.6913584063761912e+16    2.8527580624923903e+07    6.5440748827430739e-01    0.0000000000000000e+00    6.3453721842002653e-01    5.2345099894165379e-06    3.5137584644790265e-01    3.8380033637108935e-05    7.1559309193896248e-03    2.4926424085233794e-03    
28      2.4470148150022077e+00    8.4325762232233981e-02    7.0756745488551509e-01    6.7144109460884707e+00    2.6442841321729584e+16    6.2646443957361960e+15    1.7764103707497950e+16    2.8219922888211541e+07    6.3414586596824496e-01    0.0000000000000000e+00    6.7410383219239822e-01    6.3829438939275987e-06    3.1165011653996283e-01    3.1566487451530484e-05    6.0660552821766326e-03    3.7472992935855399e-03    
29      2.5260664813565352e+00    7.9051666354327477e-02    7.1870508482324846e-01    6.4342976346697389e+00    2.5763883727312364e+16    6.3648771831560370e+15    1.8553914537139880e+16    2.7947081177450791e+07    6.1716739804960341e-01    0.0000000000000000e+00    7.0929024920710393e-01    7.5727557665746911e-06    2.7616963268749933e-01    2.0527616960693432e-05    4.0416734654612754e-03    6.0755970066768347e-03    
30      2.6051977039782441e+00    7.9131222621708908e-02    7.2991285369199632e-01    6.2659172625433968e+00    2.5075918867741904e+16    6.3639855628908160e+15    1.8890439469114000e+16    2.7808725209323805e+07    6.1473127999529709e-01    0.0000000000000000e+00    7.1450294717479823e-01    8.4166998302978607e-06    2.7088907586072308e-01    1.7702240266455834e-05    3.5791616059541458e-03    6.6079491578963047e-03    
31      2.6954511911702044e+00    9.0253487191960247e-02    7.4268455201328309e-01    6.1128377295008249e+00    2.4384121254872504e+16    6.3476614412776470e+15    1.9169127421377092e+16    2.7696539873779170e+07    6.1470664864567359e-01    0.0000000000000000e+00    7.1455562831150998e-01    9.2784175935383332e-06    2.7083518112419397e-01    1.7235964111797636e-05    3.5777864092683721e-03    6.6101425127910217e-03    
32      2.7756210423131282e+00    8.0169851142923854e-02    7.5413468940534378e-01    5.9668580790793868e+00    2.3734818954082636e+16    6.3343127793930380e+15    1.9454541274818200e+16    2.7595438684926931e+07    6.1468684088617032e-01    0.0000000000000000e+00    7.1459795036201801e-01    1.0187367131185393e-05    2.7079168053024449e-01    1.6816445540113429e-05    3.5768781286098362e-03    6.6117399059249342e-03    
33      2.8624883044538652e+00    8.6867262140736923e-02    7.6609657981302437e-01    5.8193665601626785e+00    2.3089142523867148e+16    6.3232120289341640e+15    1.9764341585485868e+16    2.7499519070455965e+07    6.1467000682709083e-01    0.0000000000000000e+00    7.1463386570616194e-01    1.1204935020422146e-05    2.7075455068917814e-01    1.6533111144667874e-05    3.5761607389671588e-03    6.6129375589961993e-03    
34      2.9479281417410017e+00    8.5439837287136555e-02    7.7848727335933954e-01    5.6748693389214733e+00    2.2466279458332720e+16    6.3147285391618690e+15    2.0090368905325704e+16    2.7411597288534608e+07    6.1465582037943500e-01    0.0000000000000000e+00    7.1466406038564523e-01    1.2310135470861470e-05    2.7072320522447813e-01    1.6932228126332034e-05    3.5749103726456931e-03    6.6138343931023170e-03    
35      3.0357497409317480e+00    8.7821599190746280e-02    7.8969920492176604e-01    5.5350130549981786e+00    2.1872612853289240e+16    6.3089730890198190e+15    2.0429325599616360e+16    2.7332612204023268e+07    6.1464384490441204e-01    0.0000000000000000e+00    7.1468941959707344e-01    1.3496855428775774e-05    2.7069701708027777e-01    1.9564980545570237e-05    3.5712717939678468e-03    6.6144824321751590e-03    
36      3.1150792450213158e+00    7.9329504089567848e-02    8.0029442870884482e-01    5.3959423936355035e+00    2.1290949040444124e+16    6.3057441964159550e+15    2.0791133808456388e+16    2.7260086258888271e+07    6.1463295448496924e-01    0.0000000000000000e+00    7.1471225289068441e-01    1.4804762435144247e-05    2.7067410729054803e-01    2.7326500653570795e-05    3.5617814565962165e-03    6.6149798385511235e-03    
37      3.1959912364978060e+00    8.0911991476490197e-02    8.1257086544201107e-01    5.2629732449358766e+00    2.0742737807073392e+16    6.3051250661611990e+15    2.1162279766491660e+16    2.7196539273434721e+07    6.1462298857531761e-01    0.0000000000000000e+00    7.1473283118232422e-01    1.6189235506711762e-05    2.7065465312638559e-01    4.2653194222963999e-05    3.5435793754425272e-03    6.6153466255866166e-03    
38      3.2744607556265484e+00    7.8469519128742338e-02    8.2127114598939632e-01    5.1726199806496460e+00    2.0389024108163336e+16    6.4899816098161560e+15    2.2840569622105680e+16    2.9808426486073151e+07    6.9681569757157535e-01    5.7280894779302904e-01    5.5924615179573323e-01    7.2775128027733223e-06    4.2658683514330015e-01    7.9977959613821074e-05    6.5126246095636772e-03    3.1723857184549260e-03    
39      3.3527244311551048e+00    7.8263675528556398e-02    8.3182001663457206e-01    5.0709429597132800e+00    1.9897552936569900e+16    6.4474723512003120e+15    2.2929661151073056e+16    2.9457354257907763e+07    6.9005006615011344e-01    5.3083296964062676e-01    5.7064559253467362e-01    8.2936104538070888e-06    4.1515568143315490e-01    8.5100079646124326e-05    6.2857948812763669e-03    3.4247902002637175e-03    
40      3.4317902739322674e+00    7.9065842777162665e-02    8.4237084567480358e-01    4.9735725142316936e+00    1.9413989924045004e+16    6.4270522315342700e+15    2.3219217240971376e+16    2.9446982156636842e+07    6.9513439684261125e-01    5.6248008619177592e-01    5.6205779637863784e-01    8.0379628340574589e-06    4.2376865812997572e-01    9.1998266281877498e-05    6.4441733646182810e-03    3.2345886371207460e-03    
41      3.5116703876301294e+00    7.9880113697861965e-02    8.5288158669966474e-01    4.8783212266046663e+00    1.8937535215621300e+16    6.4052357361052220e+15    2.3509456043750800e+16    2.9436803427102767e+07    7.0053452982593001e-01    5.9558617280625470e-01    5.5307314628385185e-01    7.7033619002446461e-06    4.3277955286114184e-01    9.8222017693099612e-05    6.6110215261172833e-03    3.0356066887642975e-03    
42      3.5914903916013925e+00    7.9820003971263098e-02    8.6348161956009462e-01    4.7849065963671409e+00    1.8472496159176972e+16    6.3739503800892280e+15    2.3719143502422812e+16    2.9305133931321260e+07    7.0180956007910067e-01    6.0333967062303173e-01    5.5097168164270405e-01    7.8208098194189898e-06    4.3488808963188541e-01    1.0644403058152009e-04    6.6421638719822030e-03    2.9890527524960844e-03    
43      3.6718338812583564e+00    8.0343489656963918e-02    8.7370990351504718e-01    4.6933803668809881e+00    1.8016940486463972e+16    6.3448217877554170e+15    2.3953066720116188e+16    2.9208120864890914e+07    7.0438319170299901e-01    6.1888688079842302e-01    5.4675347985277001e-01    7.7687684778214161e-06    4.3911908459170385e-01    1.1281490018253697e-04    6.7164864093807132e-03    2.8956182169536794e-03    
44      3.7504355689092841e+00    7.8601687650927676e-02    8.8457299785660115e-01    4.6053497792450244e+00    1.7579877344972856e+16    6.3038667687981410e+15    2.4071769523252376e+16    2.8962213035434585e+07    7.0165765519869217e-01    6.0244212918353446e-01    5.5122104272915617e-01    8.3716411774841329e-06    4.3463974370072939e-01    1.1991824424515063e-04    6.6216859466807125e-03    2.9944904774796069e-03    
45      3.8289968910487362e+00    7.8561322139452106e-02    8.9473974809861723e-01    4.5198871074340223e+00    1.7153915165902668e+16    6.2838108547354360e+15    2.4386956982025020e+16    2.8988150045495864e+07    7.0863694066433092e-01    6.4433902868900295e-01    5.3984859413944930e-01    7.7332731363773990e-06    4.4604545445372207e-01    1.2679534516500459e-04    6.8340059445809800e-03    2.7426695834150330e-03    
46      3.9091038484656742e+00    8.0106957416937963e-02    9.0489980871205067e-01    4.4354548926610189e+00    1.6737330279338436e+16    6.2479911552727430e+15    2.4555095486602120e+16    2.8811402375635747e+07    7.0837208240724048e-01    6.4277403953618861e-01    5.4027580596747493e-01    8.0037330101338509e-06    4.4561784943023869e-01    1.3312462326787829e-04    6.8183784799211037e-03    2.7520905055558060e-03    
47      3.9890073984829333e+00    7.9903550017259128e-02    9.1518976229459470e-01    4.3519821537664383e+00    1.6326460696563410e+16    6.2159033766534310e+15    2.4765506242991340e+16    2.8686585843017124e+07    7.1006372149654851e-01    6.5281746115676487e-01    5.3755082697733947e-01    8.0151101141106875e-06    4.4835115773241069e-01    1.3789226083067675e-04    6.8656388162595680e-03    2.6917218425139035e-03    
48      4.0682360350835989e+00    7.9228636600665592e-02    9.2543442344792470e-01    4.2707334639089298e+00    1.5928151395792514e+16    6.1850433988513760e+15    2.4985723422887048e+16    2.8575745490739334e+07    7.1224263824321621e-01    6.6568294961215180e-01    5.3405997910710512e-01    7.9444128412911168e-06    4.5185289900437148e-01    1.4484167514560047e-04    6.9251824473667671e-03    2.6144060926382535e-03    
49      4.1465336775159445e+00    7.8297642432345604e-02    9.3548633030036987e-01    4.1917132628488227e+00    1.5542472679141926e+16    6.1554396069342610e+15    2.5215698492563836e+16    2.8478057990958873e+07    7.1487952468742078e-01    6.8114313795226644e-01    5.2986401234656666e-01    7.7874068212523161e-06    4.5606142865840560e-01    1.4958352439937698e-04    7.0009593447715127e-03    2.5214814585040957e-03    
50      4.2247137401899026e+00    7.8180062673958162e-02    9.4545460703579753e-01    4.1148219425692503e+00    1.5172917807606740e+16    6.1086393175303940e+15    2.5258441326042708e+16    2.8153380899206653e+07    7.0883637757241058e-01    6.4557077113026062e-01    5.3952552728827419e-01    8.8956724877154964e-06    4.4637395256672946e-01    1.6086143968348330e-04    6.8006740189923932e-03    2.7353417533011702e-03    
51      4.3036998611633459e+00    7.8986120973443263e-02    9.5553023153840433e-01    4.0388131176845423e+00    1.4805678754129802e+16    6.0812486560971170e+15    2.5509883108144384e+16    2.8081801474976905e+07    7.1238502878095822e-01    6.6654874349516313e-01    5.3383170806901492e-01    8.6124386841319856e-06    4.5208493887812917e-01    1.6760111905239991e-04    6.9031351088223881e-03    2.6092571257656282e-03    
52      4.3831912388320653e+00    7.9491377668719387e-02    9.6560722938458876e-01    3.9637141199222521e+00    1.4444452040649458e+16    6.0538322990305700e+15    2.5767703265058380e+16    2.8011328779914208e+07    7.1607637780361189e-01    6.8814371801717100e-01    5.2796902263044454e-01    8.2761506321074175e-06    4.5796435574365529e-01    1.6860723086370815e-04    7.0155534869239585e-03    2.4794374969489040e-03    
53      4.4623687002859622e+00    7.9177461453896925e-02    9.7578886219716388e-01    3.8896078233863736e+00    1.4092510508885046e+16    6.0161769190648580e+15    2.5914734728544624e+16    2.7807109743169114e+07    7.1459106069683009e-01    6.7949474609748661e-01    5.3032028896414196e-01    8.7302023373826134e-06    4.5560804410680600e-01    1.8007626933659644e-04    6.9566536370263207e-03    2.5314595598203934e-03    
54      4.5407033445009750e+00    7.8334644215012794e-02    9.8567597360200243e-01    3.8174765381852080e+00    1.3751471378432410e+16    5.9810790328409860e+15    2.6084323873025856e+16    2.7632175022405542e+07    7.1414724226100779e-01    6.7690928465156408e-01    5.3102455038243424e-01    9.0365382162011207e-06    4.5490293930222442e-01    1.8852351264146260e-04    6.9331840497751738e-03    2.5470189541771026e-03    
55      4.6197645884178851e+00    7.9061243916910051e-02    9.9570394589236944e-01    3.7465426167592750e+00    1.3416668845654274e+16    5.9521219613243810e+15    2.6324726710960288e+16    2.7535993208063148e+07    7.1678994664308016e-01    6.9232015689820481e-01    5.2684169733440234e-01    8.8307439402274365e-06    4.5909852043236876e-01    1.9418684031316543e-04    7.0076256333968931e-03    2.4543917550472606e-03    
56      4.6986832095162798e+00    7.8918621098394759e-02    1.0055974601367754e+00    3.6764158012115034e+00    1.3088855706637340e+16    5.9215643839258060e+15    2.6548758086123736e+16    2.7414834522291921e+07    7.1843707312159744e-01    7.0220204654786500e-01    5.2424212150793881e-01    8.7716107806461503e-06    4.6174570767814321e-01    4.3918077862184073e-04    6.7688391137458552e-03    2.4006320502383198e-03    
57      4.7777169556879775e+00    7.9033746171697672e-02    1.0156101119387813e+00    3.6076311669507253e+00    1.2770536162875812e+16    5.8839483818827500e+15    2.6689187296326248e+16    2.7202166807144322e+07    7.1639338598427926e-01    6.9056771081924007e-01    5.2745372936462698e-01    9.3481401628453797e-06    4.5855105082182185e-01    5.9932626577788816e-04    6.5178590186314471e-03    2.4739391284474463e-03    
58      4.8568244362587620e+00    7.9107480570784539e-02    1.0255990516689006e+00    3.5398016035680326e+00    1.2457743788842544e+16    5.8483179551012060e+15    2.6855245410975024e+16    2.7016273399634238e+07    7.1542107259528964e-01    6.8493324267704292e-01    5.2898980602637224e-01    9.7648907895085186e-06    4.5701457371616566e-01    6.2495538512858935e-04    6.4581718871561658e-03    2.5079808338563619e-03    
59      4.9365517173919491e+00    7.9727281133187056e-02    1.0355704899986851e+00    3.4728438806777029e+00    1.2149629298138676e+16    5.8183756092419460e+15    2.7092560834545032e+16    2.6903621007657707e+07    7.1741272100119058e-01    6.9650055797026700e-01    5.2584606078340101e-01    9.6495911955968519e-06    4.6016644389117611e-01    6.2060372203127370e-04    6.5243931948344809e-03    2.4381015568299478e-03    
60      5.0159107663272557e+00    7.9359048935306653e-02    1.0458309926014540e+00    3.4067141441689199e+00    1.1848242946216248e+16    5.7839663393002220e+15    2.7278222654866796e+16    2.6732614480865855e+07    7.1703238631753108e-01    6.9431154102089143e-01    5.2644442477575737e-01    9.9633729208723857e-06    4.5956906908802514e-01    6.3834128082741845e-04    6.4921263541572244e-03    2.4513278677805359e-03    
61      5.0948987929267959e+00    7.8988026599540184e-02    1.0556411304787603e+00    3.3421621043396170e+00    1.1555618348601370e+16    5.7511588584524270e+15    2.7479320934961800e+16    2.6578815166898977e+07    7.1727845358231201e-01    6.9574765414322870e-01    5.2605639642060664e-01    1.0165201887886258e-05    4.5995974484619201e-01    6.4893094022132553e-04    6.4873617727857318e-03    2.4426535577751186e-03    
62      5.1738205518894107e+00    7.8921758962614774e-02    1.0656310358427241e+00    3.2787754300574132e+00    1.1270038738050006e+16    5.7190310426518740e+15    2.7688107916504424e+16    2.6431467210023846e+07    7.1775059010919551e-01    6.9848879102913553e-01    5.2531311035089245e-01    1.0323018370754353e-05    4.6070613997645182e-01    6.5611330376228166e-04    6.4934710637249817e-03    2.4260950262661343e-03    
63      5.2525554902366434e+00    7.8734938347232664e-02    1.0754485184314284e+00    3.2163257294915728e+00    1.0989378546808992e+16    5.6920468818362170e+15    2.7965396701196976e+16    2.6348941866029490e+07    7.2093772030955783e-01    7.1683451305292711e-01    5.2032379442399801e-01    9.9261568004153112e-06    4.6570577393453599e-01    6.3251724660335945e-04    6.6179767177632050e-03    2.3152642597676805e-03    
64      5.3322854478908761e+00    7.9729957654232742e-02    1.0854403495676714e+00    3.1546570837008665e+00    1.0716776871625740e+16    5.6518137161040040e+15    2.8072616875971268e+16    2.6095906197112743e+07    7.1694427284108764e-01    6.9384351948461009e-01    5.2658146268457195e-01    1.0982272216873979e-05    4.5943866322640009e-01    6.8637181568560594e-04    6.4336117315536394e-03    2.4541610090403764e-03    
65      5.4108244183489145e+00    7.8538970458038371e-02    1.0955420580938731e+00    3.0939631034047070e+00    1.0448482458230400e+16    5.6206269441381690e+15    2.8298148816047092e+16    2.5956909468856223e+07    7.1771622772255950e-01    6.9831863729407573e-01    5.2536592574609187e-01    1.1084920506818016e-05    4.6065772547188227e-01    6.8786371170840557e-04    6.4555263278770663e-03    2.4271265614022501e-03    
66      5.4899493359969007e+00    7.9124917647986237e-02    1.1055149836278184e+00    3.0343044380091251e+00    1.0186238752421704e+16    5.5908470643296830e+15    2.8542993752300544e+16    2.5833928373797227e+07    7.1914769867886730e-01    7.0658259045041072e-01    5.2311919272002216e-01    1.1034283982460953e-05    4.6290954719800398e-01    6.8064897846876636e-04    6.5076271501306156e-03    2.3772024088605744e-03    
67      5.5694141218488875e+00    7.9464785851986797e-02    1.1154697049985900e+00    2.9753473615940242e+00    9.9297701408363720e+15    5.5558020705852320e+15    2.8720030873062916e+16    2.5643291218915634e+07    7.1768352792843815e-01    6.9814603196508807e-01    5.2541663995732080e-01    1.1613632160693860e-05    4.6060937099321470e-01    7.0597785189859420e-04    6.4334791102720786e-03    2.4281711946019823e-03    
68      5.6482718767377200e+00    7.8857754888832510e-02    1.1255852104476449e+00    2.9173393887363708e+00    9.6773512088781180e+15    5.5296936280464870e+15    2.9021254464209456e+16    2.5565260585719317e+07    7.2106341373848815e-01    7.1759386649632950e-01    5.2012624610219949e-01    1.1110935813148700e-05    4.6590966094216685e-01    6.7422090009275999e-04    6.5733324468713605e-03    2.3106814123248715e-03    
69      5.7285714863442880e+00    8.0299609606568012e-02    1.1356614251783932e+00    2.8598357366731362e+00    9.4306451626347420e+15    5.4941983060985490e+15    2.9197270844467620e+16    2.5367479205520462e+07    7.1925922658180774e-01    7.0724584550722136e-01    5.2294362134042194e-01    1.1766868500355045e-05    4.6308849950969239e-01    7.0232661886719422e-04    6.4858406054429038e-03    2.3731977965438570e-03    
70      5.8076765358203755e+00    7.9105049476087430e-02    1.1458035273533342e+00    2.8031299222380235e+00    9.1879028487781400e+15    5.4644198716565080e+15    2.9456477591839492e+16    2.5241398780080371e+07    7.2058011896510377e-01    7.1483775533769189e-01    5.2087909461898485e-01    1.1708663121168740e-05    4.6515728005889928e-01    6.9310193686801384e-04    6.5367342201743941e-03    2.3273332414210633e-03    
71      5.8861472236253771e+00    7.8470687805001660e-02    1.1557870977402074e+00    2.7479782658819407e+00    8.9552176752824580e+15    5.4249656976952930e+15    2.9568879591222040e+16    2.4987911026683215e+07    7.1616648071962385e-01    6.8938793343968074e-01    5.2780611198749083e-01    1.3022864694986954e-05    4.5821967249092072e-01    7.5275936744187649e-04    6.3326015635469376e-03    2.4810844653730059e-03    
72      5.9650590029793156e+00    7.8911779353938449e-02    1.1659901722096206e+00    2.6935720077169187e+00    8.7250017520729750e+15    5.3984327337216050e+15    2.9870133453130452e+16    2.4897213538702022e+07    7.1892009324917827e-01    7.0531178540881356e-01    5.2347404449029256e-01    1.2616665118257045e-05    4.6255956621051869e-01    7.2512902373488724e-04    6.4490125252889413e-03    2.3848838245152677e-03    
73      6.0441993421931146e+00    7.9140339213799038e-02    1.1761121493732303e+00    2.6398311097124196e+00    8.4992233518799950e+15    5.3708504103052120e+15    3.0162205834227660e+16    2.4792665941688590e+07    7.2110570048227285e-01    7.1786454305166303e-01    5.2005912330599913e-01    1.2317288641783744e-05    4.6598065885150730e-01    7.0348534936041636e-04    6.5406189936941762e-03    2.3090489502657343e-03    
74      6.1225459859768980e+00    7.8346643783783421e-02    1.1862195022697932e+00    2.5869468636544433e+00    8.2799078940306710e+15    5.3378016112311900e+15    3.0371577894675808e+16    2.4614893507165235e+07    7.1993635753125351e-01    7.1116547100814398e-01    5.2188326812164265e-01    1.2842295263469760e-05    4.6415410356760894e-01    7.2252635559049252e-04    6.4829917477235346e-03    2.3495206516396948e-03    
75      6.2016527126795209e+00    7.9106726702622865e-02    1.1964060034347648e+00    2.5348782087691348e+00    8.0656230218138630e+15    5.3025825939805170e+15    3.0549331448047848e+16    2.4409475764773197e+07    7.1748738405040902e-01    6.9705992064123856e-01    5.2572308195114725e-01    1.3715949203087639e-05    4.6030862675871320e-01    7.5770291772557670e-04    6.3673878245818155e-03    2.4347373380977336e-03    
76      6.2804473678412096e+00    7.8794655161688709e-02    1.2066635890745769e+00    2.4835153807380115e+00    7.8537941797278430e+15    5.2760015103929320e+15    3.0865745546690808e+16    2.4315203468846042e+07    7.2012776090200292e-01    7.1227301641629959e-01    5.2158386044828220e-01    1.3258951167509968e-05    4.6445497250500567e-01    7.2877612875045376e-04    6.4815543832667643e-03    2.3428303229960541e-03    
77      6.3599932948298195e+00    7.9545926988609850e-02    1.2169096386869713e+00    2.4326337140782810e+00    7.6455406860507530e+15    5.2501803869420810e+15    3.1201443611434528e+16    2.4227920911933161e+07    7.2313546084141489e-01    7.2946563949847099e-01    5.1690569501058381e-01    1.2665126973565024e-05    4.6914100862114466e-01    6.9453769047950252e-04    6.6123820522916554e-03    2.2389642379955503e-03    
78      6.4383297920824889e+00    7.8336497252669446e-02    1.2272439767749022e+00    2.3827577881932709e+00    7.4449136643444950e+15    5.2103148508475140e+15    3.1312185200247188e+16    2.3963842286637925e+07    7.1789424449417782e-01    6.9942292478418089e-01    5.2508277634628964e-01    1.4281780418402890e-05    4.6095124543698862e-01    7.6427028375271333e-04    6.3722163029497278e-03    2.4204625890696537e-03    
79      6.5180529563374208e+00    7.9723164254931866e-02    1.2375455549550032e+00    2.3333599393304714e+00    7.2454967903762230e+15    5.1862591782476520e+15    3.1681362651961912e+16    2.3894468962514572e+07    7.2169182017231448e-01    7.2124003268323245e-01    5.1914588820238139e-01    1.3439282571903823e-05    4.6689792061096419e-01    7.1908431710969629e-04    6.5402619506637659e-03    2.2886583757776337e-03    
80      6.5975381673724218e+00    7.9485211035001058e-02    1.2481683068963172e+00    2.2845040660438820e+00    7.0514365931924780e+15    5.1487603110464700e+15    3.1837885786146152e+16    2.3658700559813332e+07    7.1772036810509476e-01    6.9842567838211755e-01    5.2535580082615840e-01    1.4733030642002075e-05    4.6067846796392281e-01    7.7297872184176237e-04    6.3567844132778988e-03    2.4264877836257834e-03    
81      6.6757103605673969e+00    7.8172193194975037e-02    1.2585816295822587e+00    2.2366162764323416e+00    6.8606799698165360e+15    5.1251374208049550e+15    3.2222725266098320e+16    2.3592232427291963e+07    7.2166859094356128e-01    7.2111344047687942e-01    5.1918175474029082e-01    1.3795989287076689e-05    4.6686257434720257e-01    7.2492012145562723e-04    6.5327839653360493e-03    2.2894235758962327e-03    
82      6.7545870168755542e+00    7.8876656308157322e-02    1.2689435203902308e+00    2.1898198917220029e+00    6.6767770714286840e+15    5.0919969722971120e+15    3.2446061626550372e+16    2.3406069115330111e+07    7.1988471313577573e-01    7.1089775620503581e-01    5.2196273888772449e-01    1.4455052124293961e-05    4.6407744604147633e-01    7.5029693779195446e-04    6.4491756753059532e-03    2.3511401450456151e-03    
83      6.8333293355364182e+00    7.8742318660864008e-02    1.2794567304397584e+00    2.1435150598396544e+00    6.4952786364819680e+15    5.0615595760530780e+15    3.2724507691618172e+16    2.3256316125121247e+07    7.1989214342368779e-01    7.1094312149501626e-01    5.2195101931276700e-01    1.4597538825750451e-05    4.6408942575284057e-01    7.5250726757933523e-04    6.4468366258461241e-03    2.3508662416097054e-03    
84      6.9125002676408904e+00    7.9170932104472236e-02    1.2900509491348453e+00    2.0976847401500645e+00    6.3178749472412880e+15    5.0296684912646840e+15    3.2978171549743228e+16    2.3082226490449935e+07    7.1864323541252950e-01    7.0376181708251728e-01    5.2390615907149585e-01    1.5093612038799676e-05    4.6213144167815901e-01    7.7095644305947512e-04    6.3873508505461890e-03    2.3942510841694453e-03    
85      6.9911140792594892e+00    7.8613811618598817e-02    1.3007130978930805e+00    2.0525225162519320e+00    6.1426070734766700e+15    5.0075555961816440e+15    3.3413302290176524e+16    2.3030267836557806e+07    7.2339132343800971e-01    7.3094351246053690e-01    5.1650862455055124e-01    1.3815221771515437e-05    4.6954079981148900e-01    7.1106749282031961e-04    6.6009082892670573e-03    2.2300373735692413e-03    
86      7.0705825845432368e+00    7.9468505283747604e-02    1.3110550607771889e+00    2.0079698899790115e+00    5.9725694210454230e+15    4.9709704076487530e+15    3.3595777864633644e+16    2.2802356174807984e+07    7.1954029462608948e-01    7.0892891648105272e-01    5.2250090776817359e-01    1.5037365334002683e-05    4.6353931115344099e-01    7.6291603175214127e-04    6.4240452870482278e-03    2.3630351337197470e-03    
87      7.1498280766130069e+00    7.9245492069770052e-02    1.3227033802213781e+00    1.9636839951628668e+00    5.8046885440729190e+15    4.9387867757613130e+15    3.3863449737761648e+16    2.2624588862164315e+07    7.1811930655492362e-01    7.0074763766843273e-01    5.2472817896326640e-01    1.5543990390387218e-05    4.6130875722966797e-01    7.8332890873458044e-04    6.3569825153882353e-03    2.4124611320212449e-03    
88      7.2295172924856361e+00    7.9689215872629227e-02    1.3331998474017124e+00    1.9203288689685654e+00    5.6406329617136320e+15    4.9142818475128970e+15    3.4272571794860824e+16    2.2537948510817803e+07    7.2116435222309228e-01    7.1824657437161243e-01    5.1996587086060042e-01    1.4699235268131641e-05    4.6607870152920799e-01    7.4478986010525323e-04    6.4944470544524404e-03    2.3067441998345945e-03    
89      7.3091424485503707e+00    7.9625156064734526e-02    1.3440353494190060e+00    1.8770671177349914e+00    5.4798674492746200e+15    4.8778281413305800e+15    3.4469433619760008e+16    2.2304137375996619e+07    7.1688200947273861e-01    6.9359983396731506e-01    5.2667465850532358e-01    1.6031230604497821e-05    4.5935963576696132e-01    8.0278770836897861e-04    6.2964958865316927e-03    2.4556436416780982e-03    
90      7.3885338010150274e+00    7.9391352464656784e-02    1.3551124508525099e+00    1.8347437621990483e+00    5.3224119108369660e+15    4.8533218791480670e+15    3.4891777001962208e+16    2.2212896696885105e+07    7.1968419662235461e-01    7.0976393319960041e-01    5.2227559094788756e-01    1.5217398164577811e-05    4.6376575395847114e-01    7.6696895592375089e-04    6.4237305870036938e-03    2.3579908920180214e-03    
91      7.4670045218838546e+00    7.8470720868827115e-02    1.3663009087823310e+00    1.7931803334139358e+00    5.1698156303902010e+15    4.8223601274481890e+15    3.5190703653519708e+16    2.2039969271094948e+07    7.1830163476223730e-01    7.0180729969691558e-01    5.2444167344737325e-01    1.5645798028362271e-05    4.6159648686303212e-01    7.8648338541351028e-04    6.3589035455699104e-03    2.4060597000512404e-03    
92      7.5464783974894631e+00    7.9473875605608590e-02    1.3773676477153030e+00    1.7521604876435408e+00    5.0201094018782310e+15    4.7943441082952460e+15    3.5553043042210732e+16    2.1900746960868865e+07    7.1861325973572499e-01    7.0360546752161357e-01    5.2395267179706906e-01    1.5547097043657915e-05    4.6208643852804365e-01    7.8344380760793939e-04    6.3719550898408868e-03    2.3951964198632718e-03    
93      7.6248013550062002e+00    7.8322957516737013e-02    1.3885559637694609e+00    1.7117154680490694e+00    4.8736517798552550e+15    4.7662638375023290e+15    3.5920495511680672e+16    2.1759172784494709e+07    7.1879259564723830e-01    7.0464018341971113e-01    5.2367144193022341e-01    1.5472385191355995e-05    4.6236829130146911e-01    7.8204471483806414e-04    6.3790570027302922e-03    2.3889454050161590e-03    
94      7.7031094034775780e+00    7.8308048471377845e-02    1.3998900096846740e+00    1.6721946325054837e+00    4.7319143625040070e+15    4.7362321640954260e+15    3.6245058306336408e+16    2.1590571198212024e+07    7.1747545847308603e-01    6.9704191885653732e-01    5.2573997541363460e-01    1.5832309360737806e-05    4.6029674467909937e-01    8.0055324967766642e-04    6.3172979179127791e-03    2.4348491697833716e-03    
95      7.7824271496422215e+00    7.9317746164643488e-02    1.4113398554976502e+00    1.6324477636854104e+00    4.5938032743712400e+15    4.6851758802027960e+15    3.6143794804014072e+16    2.1154469692309346e+07    7.0224567290007800e-01    6.0827855284791887e-01    5.5022182909777684e-01    2.0443250417056442e-05    4.3577731059904357e-01    1.0055623575150328e-03    5.6081571489587489e-03    2.9719502857571915e-03    
96      7.8610224431125939e+00    7.8595293470372418e-02    1.4226160237593126e+00    1.5880044846237298e+00    4.4557710227638015e+15    4.6184467889613060e+15    3.5701169786891800e+16    2.0363241687655512e+07    6.6846555184986844e-01    4.0709977027521332e-01    6.0850432159836931e-01    3.0979420343896486e-05    3.7740737784366485e-01    1.4629683437276224e-03    4.0025479204437442e-03    4.1970576129194553e-03    
97      7.9396746263616942e+00    7.8652183249100283e-02    1.4340101160711292e+00    1.5433968696435607e+00    4.3212314908939070e+15    4.6170684654656380e+15    3.6469174024504808e+16    2.0313471575970192e+07    6.6980152252089287e-01    4.3369557067512277e-01    6.0608702496637390e-01    2.9381029168068682e-05    3.7983385703391465e-01    1.3988330817903971e-03    4.2052860345154763e-03    4.0508705937061656e-03    
98      8.0187409673899754e+00    7.9066341028281251e-02    1.4458092093237618e+00    1.4994808623944227e+00    4.1891287657717185e+15    4.6103400743164490e+15    3.7161117338662320e+16    2.0196583233898904e+07    6.6799059989941423e-01    4.4025130437823490e-01    6.0936449498275114e-01    2.8724149584393159e-05    3.7655742661335989e-01    1.3841826058537581e-03    4.2421494920395356e-03    4.0282748958798834e-03    
99      8.0972905912169431e+00    7.8549623826967618e-02    1.4576939279443644e+00    1.4563309606856463e+00    4.0602219644016555e+15    4.6066273633686950e+15    3.7927739782758928e+16    2.0107901162057031e+07    6.6744786953513158e-01    4.5807205056290085e-01    6.1034968131324840e-01    2.7491504616081059e-05    3.7557733914610936e-01    1.3428776588335148e-03    4.3655912297013164e-03    3.9422718869600833e-03    
100     8.1765460696844379e+00    7.9255478467494811e-02    1.4697415912256242e+00    1.4141719335261553e+00    3.9340689402879590e+15    4.5956694458574790e+15    3.8575254329354680e+16    1.9939340674616698e+07    6.6314414565693847e-01    4.4553938195621329e-01    6.1822446311564738e-01    2.7689483476100811e-05    3.6769556930296482e-01    1.3735449558089086e-03    4.2465037702271204e-03    4.0374821113443541e-03    
101     8.2559792338419946e+00    7.9433164157556746e-02    1.4819834124469711e+00    1.3722261144015651e+00    3.8102346227496755e+15    4.5904437103467110e+15    3.9353601283135088e+16    1.9819992732447222e+07    6.6100742964381110e-01    4.5343742481439236e-01    6.2217187586595923e-01    2.6897515445045587e-05    3.6374828982482216e-01    1.3553899461373575e-03    4.2842545884284261e-03    4.0185449986763662e-03    
102     8.3351397944860928e+00    7.9160560644098155e-02    1.4943907539665886e+00    1.3312301333161292e+00    3.6894670827439920e+15    4.5837025152599470e+15    4.0121738341468520e+16    1.9682659972587626e+07    6.5799093873832060e-01    4.5392514269003520e-01    6.2778865191517763e-01    2.6446867068485882e-05    3.5812827875497311e-01    1.3546740037767623e-03    4.2601254375546254e-03    4.0470757609176958e-03    
103     8.4135294384864814e+00    7.8389644000388614e-02    1.5068757229179639e+00    1.2915207368902069e+00    3.5724336756657100e+15    4.5794293041710690e+15    4.0961355000250176e+16    1.9577957189633649e+07    6.5659213432340824e-01    4.7036544651509171e-01    6.3041048503220698e-01    2.5303298351628133e-05    3.5550831588343301e-01    1.3157042514064811e-03    4.3561415971560061e-03    3.9893026769145887e-03    
104     8.4916651204393041e+00    7.8135681952822722e-02    1.5197215370267929e+00    1.2529729133343974e+00    3.4590405917116365e+15    4.5723040731483450e+15    4.1755982773290912e+16    1.9441217294635244e+07    6.5360168385110406e-01    4.7168708326366071e-01    6.3605409327810725e-01    2.4857373767813062e-05    3.4986029693446019e-01    1.3126352731593074e-03    4.3293061528064608e-03    4.0240637271674387e-03    
105     8.5710189331149511e+00    7.9353812675647006e-02    1.5324255279374162e+00    1.2150828904046587e+00    3.3477878262548285e+15    4.5681734832375260e+15    4.2647494325970400e+16    1.9338008990965493e+07    6.5229299998918022e-01    4.9449999655179644e-01    6.3853990498082502e-01    2.3537750069270527e-05    3.4737602970859910e-01    1.2580493125411776e-03    4.4582473663532865e-03    3.9494836210809585e-03    
106     8.6497571583192041e+00    7.8738225204252998e-02    1.5455407541562529e+00    1.1778988112057365e+00    3.2388466232790625e+15    4.5602771962808900e+15    4.3482260176399032e+16    1.9192418937864203e+07    6.4889805202511774e-01    4.9448246278849789e-01    6.4503626260900293e-01    2.3216461612779112e-05    3.4087219491032161e-01    1.2578758158409880e-03    4.4040629820965172e-03    4.0116399605937113e-03    
107     8.7289362070232777e+00    7.9179048704073551e-02    1.5588558117359514e+00    1.1416037841037645e+00    3.1327777186655510e+15    4.5521353704240600e+15    4.4333442353009512e+16    1.9043876195362002e+07    6.4533357788840373e-01    4.9122025760881455e-01    6.5193085429764719e-01    2.3036291287303771e-05    3.3396791754838717e-01    1.2653713402043150e-03    4.3175125199392591e-03    4.1005607420032900e-03    
108     8.8081499024239829e+00    7.9213695400705220e-02    1.5722976912616273e+00    1.1061537914767097e+00    3.0291466320129990e+15    4.5468952105513140e+15    4.5285644353797728e+16    1.8930700507440206e+07    6.4359344906225602e-01    5.1731589058228145e-01    6.5532466217085594e-01    2.1748941444468487e-05    3.3057078328857620e-01    1.2024366820563126e-03    4.4320639005013644e-03    4.0535577560344106e-03    
109     8.8868069987409779e+00    7.8657096316995023e-02    1.5860420987422745e+00    1.0716414059395860e+00    2.9285583863054580e+15    4.5387921362841420e+15    4.6189917941943608e+16    1.8785598736552339e+07    6.4021558765476450e-01    5.2082428125609925e-01    6.6196552312665768e-01    2.1395645656772934e-05    3.2391742725654837e-01    1.1934275180031345e-03    4.3631466791988274e-03    4.1443325134034288e-03    
110     8.9654805098807788e+00    7.8673511139800922e-02    1.5998390358727068e+00    1.0381487232458702e+00    2.8308883697713855e+15    4.5301544038446880e+15    4.7106429380028184e+16    1.8639574262320161e+07    6.3682452786425781e-01    5.2252922172686744e-01    6.6870368462418817e-01    2.1135632851926150e-05    3.1716393584542774e-01    1.1886261656997965e-03    4.2652203498051537e-03    4.2626501214958956e-03    
111     9.0441451488232332e+00    7.8664638942454346e-02    1.6137434814714291e+00    1.0054926581991874e+00    2.7358041437826310e+15    4.5223468500657980e+15    4.8071800770270872e+16    1.8503792410497703e+07    6.3395699134727401e-01    5.3909486084726865e-01    6.7445874538781636e-01    2.0384120516380218e-05    3.1139237998367630e-01    1.1479781471345168e-03    4.2393394532453631e-03    4.3464256470798317e-03    
112     9.1224506605903191e+00    7.8305511767085889e-02    1.6279258031799440e+00    9.7367495524586944e-01    2.6434329246410635e+15    4.5126831907872250e+15    4.9012272771229360e+16    1.8348051511269741e+07    6.3004142441506950e-01    5.2955222878969421e-01    6.8240188173342409e-01    2.0586074499118767e-05    3.0342331806038197e-01    1.1698244168697667e-03    4.0082994579368455e-03    4.5813429963568568e-03    
113     9.2016079028954216e+00    7.9157242305102571e-02    1.6423331703177313e+00    9.4258336925835084e-01    2.5532520727369975e+15    4.5045075353119840e+15    5.0026240034152576e+16    1.8210186177921776e+07    6.2706656140728911e-01    5.5387719949040948e-01    6.8850536154318365e-01    1.9668961839176945e-05    2.9729050091562015e-01    1.1099666094621875e-03    3.9361865415866292e-03    4.7435681677767171e-03    
114     9.2801852021047306e+00    7.8577299209309004e-02    1.6570336049400249e+00    9.1224020728699684e-01    2.4653835447233395e+15    4.4948228774156045e+15    5.1030669534826792e+16    1.8058223777266975e+07    6.2337935185502469e-01    5.5952646780785364e-01    6.9615209293664793e-01    1.9438972918570231e-05    2.8960059378647074e-01    1.0945635545674091e-03    3.6682869307658257e-03    5.0702765580983083e-03    
115     9.3585860012603845e+00    7.8400799155653900e-02    1.6719262400767039e+00    8.8282536659956656e-01    2.3803094869250260e+15    4.4846849976694080e+15    5.2046736394243928e+16    1.7904162655760396e+07    6.1957355614254150e-01    5.5215665044834272e-01    7.0414257316053763e-01    1.9648649144599919e-05    2.8155222556543702e-01    1.1100007655651352e-03    3.2285185253455055e-03    5.5522860734388601e-03    
116     9.4367395359381732e+00    7.8153534677788628e-02    1.6866096391543994e+00    8.5373340706507872e-01    2.2977700837363135e+15    4.4769028358009470e+15    5.3133764155455168e+16    1.7748978064209785e+07    6.1533482756609847e-01    6.2917022142665302e-01    7.1317347279997623e-01    1.7352554489097218e-05    2.7238603336486128e-01    9.1920992472404434e-04    2.7105765634280739e-03    6.3986075319897176e-03    
117     9.5156735684604623e+00    7.8934032522289144e-02    1.7022021840544590e+00    8.2915023534200838e-01    2.2172387389158130e+15    4.4496066975165570e+15    5.3875918640590512e+16    1.7606722224082228e+07    6.1462079173456219e-01    7.8411957813361810e-01    7.1472107614047331e-01    1.2848900764750766e-05    2.7075423736391224e-01    5.4244604573492738e-04    2.9688180818346647e-03    6.6058262067485995e-03    
118     9.5938126372846071e+00    7.8139068824144786e-02    1.7175212157503188e+00    8.0592541371497406e-01    2.1385285398053150e+15    4.4168280311602980e+15    5.4529155164977408e+16    1.7463400418839432e+07    6.1461172580800660e-01    7.8857807813735559e-01    7.1474089035438437e-01    1.2955944468077501e-05    2.7073233176849637e-01    5.3142948231999073e-04    2.9806330318593471e-03    6.6070121579403082e-03    
119     9.6727902921525430e+00    7.8977654867935954e-02    1.7333497066466097e+00    7.8340124350704976e-01    2.0627850756689442e+15    4.3843733640717290e+15    5.5188990937615328e+16    1.7321523157656938e+07    6.1459994461731970e-01    7.8414231446925808e-01    7.1476574755322830e-01    1.3331027462574339e-05    2.7070869088699384e-01    5.4198612203233145e-04    2.9671406748801063e-03    6.6083564748715641e-03    
120     9.7517861049775387e+00    7.8995812824995681e-02    1.7490692457352637e+00    7.6104016222218307e-01    1.9882543434714955e+15    4.3516923043571065e+15    5.5875360816102336e+16    1.7178423467866588e+07    6.1459607062515542e-01    7.9589278255077978e-01    7.1477504825862781e-01    1.3272292160309726e-05    2.7069459303595100e-01    5.1329504153880200e-04    3.0000953627443579e-03    6.6089487484466509e-03    
121     9.8308885210510386e+00    7.9102416073499882e-02    1.7653063254768799e+00    7.3912063997707089e-01    1.9158047213239448e+15    4.3190411400117025e+15    5.6577892135420984e+16    1.7035253927254509e+07    6.1458276981044324e-01    7.8447455942626398e-01    7.1480254908032048e-01    1.3874207728366746e-05    2.7067089490759078e-01    5.4079470277479250e-04    2.9667617488320090e-03    6.6103780922223037e-03    
122     9.9091757319979497e+00    7.8287210946911046e-02    1.7813820121122657e+00    7.1774168855202436e-01    1.8457444969438330e+15    4.2866454269725335e+15    5.7295314595953560e+16    1.6893149769622784e+07    6.1457980228125353e-01    7.9339352584726297e-01    7.1480964330102770e-01    1.3935950592438255e-05    2.7066006587320007e-01    5.1898275199220079e-04    2.9919448049228821e-03    6.6106800577333345e-03    
123     9.9879386492332127e+00    7.8762917235263075e-02    1.7976967027920816e+00    6.9679810434701717e-01    1.7776972854423992e+15    4.2543266020315990e+15    5.8030436807005480e+16    1.6751183128185922e+07    6.1457252629368919e-01    7.9147679013421124e-01    7.1482503463503100e-01    1.4309341031743655e-05    2.7064495703904845e-01    5.2346620431826900e-04    2.9860746481994412e-03    6.6114108718396394e-03    
124     1.0066813969932671e+01    7.8875320699458129e-02    1.8140696635929268e+00    6.7623283378344545e-01    1.7114513665873110e+15    4.2219989829212775e+15    5.8785873267542408e+16    1.6609019873450365e+07    6.1456361460993048e-01    7.8518890958373577e-01    7.1484355498268171e-01    1.4804605361366594e-05    2.7062834289997900e-01    5.3859480462363886e-04    2.9675848911936316e-03    6.6123705556296051e-03    
125     1.0145949656497873e+01    7.9135686565201979e-02    1.8306785520361166e+00    6.5601880814864943e-01    1.6469017414411228e+15    4.1896498658976650e+15    5.9564301582495520e+16    1.6466702933811774e+07    6.1456469441861972e-01    7.9978194104569278e-01    7.1484243330548636e-01    1.4803591490491639e-05    2.7062358101817863e-01    5.0314797899088186e-04    3.0091021409391116e-03    6.6121847043832038e-03    
126     1.0224282821634857e+01    7.8333165136983851e-02    1.8477665304331772e+00    6.3627735606455804e-01    1.5843925526397222e+15    4.1573752105152835e+15    6.0358959794923120e+16    1.6324535674656665e+07    6.1455157708168096e-01    7.7929741860888113e-01    7.1486873168372689e-01    1.5671122045780027e-05    2.7060456472939814e-01    5.5296307888811496e-04    2.9499142479546023e-03    6.6134078774549099e-03    
127     1.0302686871542891e+01    7.8404049908034068e-02    1.8647544443231983e+00    6.1699135856171705e-01    1.5238724160139130e+15    4.1253144607589660e+15    6.1174701478554520e+16    1.6183256961243529e+07    6.1455681349024172e-01    8.0354055808320968e-01    7.1485949344950128e-01    1.5501940274454082e-05    2.7060433018662516e-01    4.9471552811021860e-04    3.0183314883777635e-03    6.6128801465799095e-03    
128     1.0381122339287453e+01    7.8435467744562004e-02    1.8819568256439805e+00    5.9811459809372247e-01    1.4651247096751985e+15    4.0931823079543920e+15    6.2008596918275264e+16    1.6041547654710716e+07    6.1454281375094211e-01    7.7869042482160422e-01    7.1488727601419111e-01    1.6478668137277513e-05    2.7058562816093734e-01    5.5603430408249764e-04    2.9456552124965752e-03    6.6141803796239433e-03    
129     1.0459996394991915e+01    7.8874055704462265e-02    1.8995464917693470e+00    5.7959371641040192e-01    1.4080054594135855e+15    4.0610918759323735e+15    6.2868519162033528e+16    1.5899924688398510e+07    6.1454125162373552e-01    7.8345781566296113e-01    7.1489089151507035e-01    1.6795221536856233e-05    2.7058007342274731e-01    5.4631456619696616e-04    2.9569758135193957e-03    6.6142022003976286e-03    
130     1.0538593301050815e+01    7.8596906058900018e-02    1.9175607254724572e+00    5.6138058828437654e-01    1.3523244438965335e+15    4.0288570569086715e+15    6.3755463454976040e+16    1.5757626715083169e+07    6.1454120564642900e-01    7.9325013187158522e-01    7.1489161193351991e-01    1.7046271164929597e-05    2.7057578923758369e-01    5.2639383662147566e-04    2.9802684962618531e-03    6.6141429643164183e-03    
131     1.0617078586973777e+01    7.8485285922962333e-02    1.9354477870474129e+00    5.4362098967325656e-01    1.2985097049526692e+15    3.9967393964842615e+15    6.4662759678675560e+16    1.5615724654787378e+07    6.1453563107090903e-01    7.8739957084886614e-01    7.1490281553065549e-01    1.7643728195522836e-05    2.7056709655164313e-01    5.4534146903348324e-04    2.9578159315450181e-03    6.6145395283958418e-03    
132     1.0695926027347443e+01    7.8847440373666089e-02    1.9537912071083556e+00    5.2620185819931353e-01    1.2462007183400150e+15    3.9645755263782305e+15    6.5597841379802952e+16    1.5473550890125470e+07    6.1453408030445633e-01    7.9249129437659926e-01    7.1490621630476159e-01    1.8047460441987562e-05    2.7056252333212188e-01    5.4073244863057836e-04    2.9631893203060740e-03    6.6145438732061338e-03    
133     1.0774227322600550e+01    7.8301295253107028e-02    1.9720333776041101e+00    5.0914881240834986e-01    1.1954436086537548e+15    3.9323573083257990e+15    6.6558821587490968e+16    1.5331100986172218e+07    6.1452951105071896e-01    7.8958918412415713e-01    7.1491533953017405e-01    1.8629630568620974e-05    2.7055557179983925e-01    5.5746662235831447e-04    2.9434199577322829e-03    6.6148251987963348e-03    
134     1.0852792682321214e+01    7.8565359720663253e-02    1.9909096413348664e+00    4.9250858943321518e-01    1.1463662310229050e+15    3.9002231913440695e+15    6.7544651090291888e+16    1.5188919088409562e+07    6.1452310190153370e-01    7.8196172413615006e-01    7.1492791639584552e-01    1.9304348812526843e-05    2.7054740806520161e-01    5.8833322870312070e-04    2.9070128212091125e-03    6.6152778796964096e-03    
135     1.0931215770752878e+01    7.8423088431664567e-02    2.0096783352290726e+00    4.7621986888591394e-01    1.0987560953720251e+15    3.8680366256137600e+15    6.8559514763620336e+16    1.5046572695462869e+07    6.1452466134713646e-01    7.9547757333701585e-01    7.1492507232719338e-01    1.9648419556325621e-05    2.7054710706791923e-01    5.7122515483987819e-04    2.9273246938844115e-03    6.6148750760756259e-03    
136     1.1010179258465660e+01    7.8963487712782054e-02    2.0290781151893511e+00    4.6021961999322503e-01    1.0524184251246995e+15    3.8356672640677545e+15    6.9607881478788872e+16    1.4903308306906503e+07    6.1451820955792014e-01    7.8808433667589484e-01    7.1493757379048017e-01    2.0368177486083077e-05    2.7053975358257815e-01    6.0673765115438192e-04    2.8855363536133558e-03    6.6152831841565377e-03    
137     1.1089399992468522e+01    7.9220734002861448e-02    2.0489076187420916e+00    4.4449311636601990e-01    1.0072938533685692e+15    3.8030850591878215e+15    7.0693099956416368e+16    1.4759134782835038e+07    6.1451647946077814e-01    7.9384219376863840e-01    7.1494092185568670e-01    2.0912735313199312e-05    2.7053711200344832e-01    6.1416404528251488e-04    2.8769654079766963e-03    6.6151766917609189e-03    
138     1.1168119847608247e+01    7.8719855139725681e-02    2.0690456242794166e+00    4.2914597245982367e-01    9.6366806145819112e+14    3.7704853656306080e+15    7.1808163524115208e+16    1.4614833448921498e+07    6.1450771835577667e-01    7.8088055952441227e-01    7.1495772935478430e-01    2.1737528751988752e-05    2.7052843170791446e-01    6.6834236725849612e-04    2.8132133023818485e-03    6.6157984783775398e-03    
139     1.1246472254486436e+01    7.8352406878188674e-02    2.0890497768307301e+00    4.1421005732152377e-01    9.2161082408648450e+14    3.7379776208082455e+15    7.2952635396267968e+16    1.4470992268090881e+07    6.1450596867889085e-01    7.8725692974833028e-01    7.1496098276545395e-01    2.2316750825792854e-05    2.7052649078892654e-01    6.7958530016931737e-04    2.8002217885476199e-03    6.6156553455450863e-03    
140     1.1324619825302561e+01    7.8147570816124556e-02    2.1092345289852510e+00    3.9966501319722936e-01    8.8104158079915050e+14    3.7055148530662435e+15    7.4127788074791984e+16    1.4327347055192310e+07    6.1450296549411343e-01    7.9083100454845223e-01    7.1496658684764902e-01    2.2965999560837757e-05    2.7052372416850862e-01    7.0048244815010231e-04    2.7758687501753185e-03    6.6156245254247693e-03    
141     1.1403134892333147e+01    7.8515067030586749e-02    2.1305380259164006e+00    3.8543257481527771e-01    8.4171985459499812e+14    3.6729079961635120e+15    7.5340324097644944e+16    1.4183087361538278e+07    6.1449656251718887e-01    7.8649107806432750e-01    7.1497864837076608e-01    2.3725199266078773e-05    2.7051839113066767e-01    7.4563415414642827e-04    2.7229285643847849e-03    6.6159253202378978e-03    
142     1.1481392056054606e+01    7.8257163721458411e-02    2.1519489532148768e+00    3.7146568381800826e-01    8.0364012540156250e+14    3.6405522731752530e+15    7.6602770406633168e+16    1.4037276633724622e+07    6.1433583485488974e-01    7.8710766976135815e-01    7.1529647632624016e-01    2.4492801936378270e-05    2.7033181666147843e-01    1.5582209577785604e-03    1.7510403119314162e-03    6.6432056801036766e-03    
143     1.1559567668429251e+01    7.8175612374645098e-02    2.1734940510714655e+00    3.5789220920761122e-01    7.6686948542268675e+14    3.6078106583928860e+15    7.7893298495816800e+16    1.3892240422796141e+07    6.1431169049610790e-01    7.8885965554082771e-01    7.1534270106549902e-01    2.5256614041599760e-05    2.7031159673289901e-01    1.7207950610783405e-03    1.5590810970570620e-03    6.6458221688937254e-03    
144     1.1639261293658601e+01    7.9693625229349863e-02    2.1948020219324613e+00    3.4448303305899042e-01    7.3089317157349938e+14    3.5745450180162475e+15    7.9241493812534528e+16    1.3745166493536195e+07    6.1430306321878603e-01    7.9552756993056695e-01    7.1535824421652416e-01    2.6033202529562710e-05    2.7030915855462290e-01    1.8040966776107377e-03    1.4618815866592487e-03    6.6458385015218807e-03    
145     1.1717424706887249e+01    7.8163413228647727e-02    2.2193214888745274e+00    3.3138027603492332e-01    6.9608967025069675e+14    3.5411007274258550e+15    8.0635534189072592e+16    1.3597390879658783e+07    6.1429295170209808e-01    7.7655938749822551e-01    7.1537655367402864e-01    2.6989884565368485e-05    2.7030566488305846e-01    1.8987433350760351e-03    1.3514466805543621e-03    6.6458542821858568e-03    
146     1.1796574705011365e+01    7.9149998124115939e-02    2.2406404582307249e+00    3.1873692718602054e-01    6.6282785197892675e+14    3.5077905184965105e+15    8.2057090381426176e+16    1.3450560263337690e+07    6.1428701425182786e-01    7.9672146758656581e-01    7.1538716655224577e-01    2.7752572183763289e-05    2.7030403825443450e-01    1.9572444042386178e-03    1.2831867185534821e-03    6.6458642378125540e-03    
147     1.1875323376884108e+01    7.8748671872743259e-02    2.2640280070641037e+00    3.0630004966583541e-01    6.3044817474943625e+14    3.4740872033222850e+15    8.3539586771240128e+16    1.3302017250842858e+07    6.1427886396672504e-01    7.7885173908191729e-01    7.1540191564857925e-01    2.8717962641532879e-05    2.7030089568345683e-01    2.0326840248425676e-03    1.1951643784225902e-03    6.6458750415256378e-03    
148     1.1954418993972771e+01    7.9095617088663417e-02    2.2877944156922418e+00    2.9414562381772319e-01    5.9913276030594125e+14    3.4401599410273655e+15    8.5076862732863168e+16    1.3152619328755371e+07    6.1427360326504854e-01    7.9338479015375796e-01    7.1541130972832134e-01    2.9612867773428934e-05    2.7029907747858539e-01    2.0835141246297794e-03    1.1358562359125256e-03    6.6458823042461583e-03    
149     1.2032577735406329e+01    7.8158741433558276e-02    2.3122745761072472e+00    2.8236301364669530e-01    5.6908843530628875e+14    3.4062159689113800e+15    8.6657462224167072e+16    1.3003359363234451e+07    6.1426786583896609e-01    7.8945621580564973e-01    7.1542163344032472e-01    3.0575599172661246e-05    2.7029665712642625e-01    2.1367158131127277e-03    1.0737816166973245e-03    6.6458891437351890e-03    
150     1.2111189680516189e+01    7.8611945109859249e-02    2.3367461394474436e+00    2.7089919287642561e-01    5.4016343866415275e+14    3.3721295560157690e+15    8.8290057811000448e+16    1.2853674728268621e+07    6.1426248203858635e-01    7.7692039633722620e-01    7.1543135319682716e-01    3.1522619072277810e-05    2.7029410876399251e-01    2.1854306605842743e-03    1.0169425370461938e-03    6.6458949619458575e-03    
151     1.2189757946832895e+01    7.8568266316706215e-02    2.3623894232288229e+00    2.5972534505182970e-01    5.1217265124696781e+14    3.3370510524994415e+15    8.9954098274316576e+16    1.2701489147380756e+07    6.1425835422062580e-01    7.7804039012350812e-01    7.1543874399214646e-01    3.2473525572476747e-05    2.7029207514828413e-01    2.2232824563771523e-03    9.7277828297196594e-04    6.6458993341163832e-03    
152     1.2269224260050244e+01    7.9466313217348983e-02    2.3876151234394660e+00    2.4874195250598655e-01    4.8504454348516944e+14    3.3021027781947850e+15    9.1717992645733744e+16    1.2548686741234357e+07    6.1425550583045263e-01    8.0390746479240049e-01    7.1544370922113198e-01    3.3536299218299849e-05    2.7029066694119591e-01    2.2510036133666454e-03    9.4043415213143676e-04    6.6459025124243117e-03    
153     1.2347977602853051e+01    7.8753342802807325e-02    2.4141631170848545e+00    2.3803957279560389e-01    4.5890914891355706e+14    3.2669231778016890e+15    9.3550136495959632e+16    1.2395008862844789e+07    6.1425137549978726e-01    7.8022121910277997e-01    7.1545121846818327e-01    3.4395080342599854e-05    2.7028814057544909e-01    2.2860562433492291e-03    8.9953631917512539e-04    6.6459060529690380e-03    
154     1.2426549321347641e+01    7.8571718494590215e-02    2.4412362165844663e+00    2.2766241030045778e-01    4.3385682100998838e+14    3.2316550137044350e+15    9.5445425557932544e+16    1.2241134607873857e+07    6.1424870206845494e-01    7.8627993490101766e-01    7.1545596663068334e-01    3.5326904841665679e-05    2.7028642793941310e-01    2.3098621341074636e-03    8.7176069748027293e-04    6.6459084329426486e-03    
155     1.2504687276658780e+01    7.8137955311138541e-02    2.4685267377581637e+00    2.1760631101019520e-01    4.0985052675149175e+14    3.1962093932724485e+15    9.7402897856219296e+16    1.2086866608935039e+07    6.1424624957676754e-01    7.8820700578328662e-01    7.1546034420801075e-01    3.6185904136616073e-05    2.7028471936278720e-01    2.3310316414595000e-03    8.4706118029818185e-04    6.6459104427766041e-03    
156     1.2583289553594437e+01    7.8602276935656690e-02    2.4967815078315465e+00    2.0782062086713565e-01    3.8675906442870306e+14    3.1604552933459030e+15    9.9436617017667488e+16    1.1931563743893363e+07    6.1424403052943122e-01    7.8660381308465743e-01    7.1546433045738989e-01    3.6943442600800786e-05    2.7028306214779524e-01    2.3495523348465814e-03    8.2545223902267238e-04    6.6459121178134599e-03    
157     1.2662750647418529e+01    7.9461093824091833e-02    2.5243655788420694e+00    1.9817841950520709e-01    3.6427595971860838e+14    3.1239094126661440e+15    1.0157988961132635e+17    1.1773135308211764e+07    6.1424230802171109e-01    7.9805291949097390e-01    7.1546737103840952e-01    3.7745515580037599e-05    2.7028167077291637e-01    2.3642609810287404e-03    8.0829101843723225e-04    6.6459134130968170e-03    
158     1.2741224345124918e+01    7.8473697706389345e-02    2.5551360747955072e+00    1.8888727636926250e-01    3.4285919705812956e+14    3.0871851218211885e+15    1.0378460508171558e+17    1.1614599871410763e+07    6.1424037953781929e-01    7.8405820526289527e-01    7.1547092988322081e-01    3.8186972195264217e-05    2.7028009913927303e-01    2.3788338839498234e-03    7.9128825277195150e-04    6.6459146080575949e-03    
159     1.2819918031499071e+01    7.8693686374153415e-02    2.5860572675056903e+00    1.7987005715971088e-01    3.2233388367427994e+14    3.0502011715402395e+15    1.0608010449749506e+17    1.1455194889613733e+07    6.1423897724690779e-01    7.8659326559854448e-01    7.1547347663501992e-01    3.8671936561240097e-05    2.7027887542581497e-01    2.3896825519471106e-03    7.7863071306130888e-04    6.6459154770638369e-03    
160     1.2898192232628306e+01    7.8274201129234555e-02    2.6167357580705777e+00    1.7110795848570279e-01    3.0263275495147806e+14    3.0127477442191370e+15    1.0846998397783734e+17    1.1294310505878503e+07    6.1423781241764996e-01    7.9473681504953331e-01    7.1547558831343894e-01    3.9110669643458370e-05    2.7027781055478184e-01    2.3985963123442657e-03    7.6823072207581012e-04    6.6459161671843974e-03    
161     1.2976574326386107e+01    7.8382093757801030e-02    2.6484420161084201e+00    1.6262949417700212e-01    2.8380775201762212e+14    2.9749546018555555e+15    1.1095096070129602e+17    1.1132511834714392e+07    6.1423658342159149e-01    7.8605316998490993e-01    7.1547792069439231e-01    3.9234172164073705e-05    2.7027673962304100e-01    2.4069064782923874e-03    7.5853499728736190e-04    6.6459167742914304e-03    
162     1.3054978812930170e+01    7.8404486544062735e-02    2.6811551706258872e+00    1.5438903251605715e-01    2.6574802017936075e+14    2.9366541391513050e+15    1.1354327934486720e+17    1.0969030574730553e+07    6.1423565025649340e-01    7.8996585422162746e-01    7.1547967700457260e-01    3.9391527789169231e-05    2.7027588754689907e-01    2.4132763304438149e-03    7.5110310244310720e-04    6.6459172273205247e-03    
163     1.3133583404188471e+01    7.8604591258301326e-02    2.7148048381448344e+00    1.4639866996371875e-01    2.4841757994596431e+14    2.8971655606648255e+15    1.1621112374790634e+17    1.0802522769440139e+07    6.1423480111913809e-01    7.9053831128667407e-01    7.1548131524780478e-01    3.9403195487296898e-05    2.7027513474668774e-01    2.4186593137132521e-03    7.4482264161221477e-04    6.6459175941634913e-03    
164     1.3212250835181489e+01    7.8667430993018428e-02    2.7498188164586774e+00    1.3864504830136620e-01    2.3182467740056266e+14    2.8570240126154215e+15    1.1899500120818410e+17    1.0634030073937541e+07    6.1423406338785447e-01    7.9275628065547044e-01    7.1548276128587285e-01    3.9339411658187936e-05    2.7027449219454230e-01    2.4230977262906577e-03    7.3964423566356290e-04    6.6459178854413065e-03    
165     1.3290857032833092e+01    7.8606197651602372e-02    2.7856949815680365e+00    1.3110210721207935e-01    2.1595338260982109e+14    2.8168507495025895e+15    1.2195707178977968e+17    1.0464593713321308e+07    6.1423336414464713e-01    7.9173232546978589e-01    7.1548416987859431e-01    3.9148090998492336e-05    2.7027391678793516e-01    2.4269491006832142e-03    7.3515075359658168e-04    6.6459181276611237e-03    
166     1.3369103371618413e+01    7.8246338785321612e-02    2.8220857686177574e+00    1.2382382695179710e-01    2.0085409385535716e+14    2.7761707733329050e+15    1.2504431867332371e+17    1.0293791566966828e+07    6.1423273887087382e-01    7.8977525365565093e-01    7.1548545942692177e-01    3.8872654965186175e-05    2.7027343105111856e-01    2.4301194970998744e-03    7.3145179030159406e-04    6.6459183190617412e-03    
167     1.3447709057970693e+01    7.8605686352279491e-02    2.8606854347234396e+00    1.1677451281506998e-01    1.8643976936960200e+14    2.7347554427868395e+15    1.2827793820974083e+17    1.0120748886994425e+07    6.1423217881725978e-01    7.8733530822305464e-01    7.1548664109302029e-01    3.8532053311524686e-05    2.7027302387585672e-01    2.4327229453834425e-03    7.2841430192353547e-04    6.6459184699728599e-03    
168     1.3525983480371687e+01    7.8274422400994581e-02    2.8999120232686826e+00    1.0995609846777728e-01    1.7270383004124319e+14    2.6925914670400775e+15    1.3166621351875478e+17    9.9454668604966402e+06    6.1423171636569540e-01    7.9139880932484785e-01    7.1548762679066835e-01    3.8216190218568125e-05    2.7027269707905649e-01    2.4347812583563702e-03    7.2601283593423768e-04    6.6459185852348187e-03    
169     1.3604579093049399e+01    7.8595612677711202e-02    2.9398656881249763e+00    1.0336130618934447e-01    1.5962115357579359e+14    2.6496070925585410e+15    1.3522291645694165e+17    9.7677054233494233e+06    6.1423122839838928e-01    7.8264002033372226e-01    7.1548871092034327e-01    3.7723778900073770e-05    2.7027240589664636e-01    2.4365845459108624e-03    7.2390891659669882e-04    6.6459186810717335e-03    
170     1.3682968691234084e+01    7.8389598184685383e-02    2.9817189913742537e+00    9.6987120405382557e-02    1.4717432874070119e+14    2.6057242583493570e+15    1.3895942968495968e+17    9.5872604183447938e+06    6.1423089116638208e-01    7.9396847485586475e-01    7.1548945156213350e-01    3.7415436055859701e-05    2.7027219240049150e-01    2.4378974137862787e-03    7.2237717776282438e-04    6.6459187492384688e-03    
171     1.3761563402058066e+01    7.8594710823981728e-02    3.0255295318860207e+00    9.0833669493267835e-02    1.3535323444057495e+14    2.5609020060928115e+15    1.4288758243977875e+17    9.4040455961835124e+06    6.1423052452599269e-01    7.9350236401182450e-01    7.1549028953871030e-01    3.6961101006727831e-05    2.7027200175582594e-01    2.4390554377192162e-03    7.2102609995287111e-04    6.6459188062535368e-03    
172     1.3840048402213604e+01    7.8485000155538387e-02    3.0707932948988632e+00    8.4893631888272258e-02    1.2413238130023281e+14    2.5150094277825020e+15    1.4702311380989050e+17    9.2176759665004518e+06    6.1423015630095090e-01    7.8429016614328706e-01    7.1549115463433033e-01    3.6419180279332700e-05    2.7027184036300334e-01    2.4400261642415415e-03    7.1989354588954059e-04    6.6459188517247279e-03    
173     1.3918948026462626e+01    7.8899624249022082e-02    3.1178663479992967e+00    7.9159411029355767e-02    1.1348863880155480e+14    2.4679452703085040e+15    1.5138831194556483e+17    9.0278060947577432e+06    6.1422991194655763e-01    7.9843058246308596e-01    7.1549172267641903e-01    3.6081854055992583e-05    2.7027172495036822e-01    2.4407180073586017e-03    7.1908636789577121e-04    6.6459188833710488e-03    
174     1.3997230224965119e+01    7.8282198502492406e-02    3.1664767696537202e+00    7.3644500355601106e-02    1.0343575296135295e+14    2.4197263039253490e+15    1.5598624791297162e+17    8.8346753990957625e+06    6.1422959426299095e-01    7.8697774944607868e-01    7.1549249336578691e-01    3.5525517290045512e-05    2.7027161710917352e-01    2.4413570963459862e-03    7.1834074011216126e-04    6.6459189107596107e-03    
175     1.4075667694830527e+01    7.8437469865408005e-02    3.2165911770960398e+00    6.8351339832864441e-02    9.3967312439550094e+13    2.3703263615480425e+15    1.6083027764803670e+17    8.6382832057774309e+06    6.1422936176945431e-01    7.9229958129429512e-01    7.1549305788795414e-01    3.5116633673411148e-05    2.7027153864976006e-01    2.4418201855799350e-03    7.1780045252343853e-04    6.6459189299776676e-03    
176     1.4154694202898389e+01    7.9026508067862267e-02    3.2702352712214235e+00    6.3237135693415658e-02    8.4997585840126688e+13    2.3192533727771540e+15    1.6598104242200224e+17    8.4368087861686759e+06    6.1422914151659747e-01    7.9680496614068730e-01    7.1549360026560171e-01    3.4701541870803292e-05    2.7027147426677112e-01    2.4421976139283089e-03    7.1736010636705015e-04    6.6459189449299804e-03    
177     1.4233201594853231e+01    7.8507391954842021e-02    3.3264415717940978e+00    5.8334555707189699e-02    7.6572610774388719e+13    2.2666369570098760e+15    1.7142160468367760e+17    8.2310785802615033e+06    6.1422888264722897e-01    7.7966182385630345e-01    7.1549425243078368e-01    3.4159781595798956e-05    2.7027141809347671e-01    2.4425230126860027e-03    7.1698046388901670e-04    6.6459189570374820e-03    
178     1.4311422736103367e+01    7.8221141250136128e-02    3.3847451824142722e+00    5.3646898537386425e-02    6.8689728305564703e+13    2.2125194520074320e+15    1.7717729811877334e+17    8.0212412472980255e+06    6.1422873523050636e-01    7.9828779648690473e-01    7.1549462011211529e-01    3.3864930608086373e-05    2.7027138103411574e-01    2.4427376444531722e-03    7.1673005331246008e-04    6.6459189648639758e-03    
179     1.4389728489879818e+01    7.8305753776451326e-02    3.4461275866269649e+00    4.9165058032361791e-02    6.1320553846331000e+13    2.1566198520356178e+15    1.8327287182266352e+17    7.8065194212672934e+06    6.1422853978525993e-01    7.9239830055443472e-01    7.1549511898596896e-01    3.3432123308651275e-05    2.7027134718053542e-01    2.4429309272401634e-03    7.1650455096451909e-04    6.6459189714504164e-03    
180     1.4468051414094690e+01    7.8322924214871747e-02    3.5114787020233997e+00    4.4870746239619154e-02    5.4425409789327180e+13    2.0985598261312328e+15    1.8976081431300790e+17    7.5856672703656396e+06    6.1422836402074232e-01    7.8777813422111476e-01    7.1549557081307247e-01    3.3031199721546880e-05    2.7027132097713918e-01    2.4430791315704107e-03    7.1633164170352643e-04    6.6459189762607370e-03    
181     1.4546674553860230e+01    7.8623139765539918e-02    3.5803133856429983e+00    4.0756136287277853e-02    4.7983790979447711e+13    2.0380407545617370e+15    1.9669180668452646e+17    7.3577575565389730e+06    6.1422821829008112e-01    7.9196805576727058e-01    7.1549594694605334e-01    3.2693247067846623e-05    2.7027130124104914e-01    2.4431897995662007e-03    7.1620252603570857e-04    6.6459189796962363e-03    
182     1.4625127212869048e+01    7.8452659008817704e-02    3.6535540093358105e+00    3.6827288023934715e-02    4.1995985421666977e+13    1.9748645195329060e+15    2.0409105163872870e+17    7.1223829711410869e+06    6.1422807251624367e-01    7.9017521887931808e-01    7.1549632600614377e-01    3.2344835638271138e-05    2.7027128529836325e-01    2.4432780373556616e-03    7.1609957968135033e-04    6.6459189822866919e-03    
183     1.4703397197436182e+01    7.8269984567134188e-02    3.7301336680946675e+00    3.3089737515512231e-02    3.6461178000104586e+13    1.9088591044512780e+15    2.1198812192044173e+17    6.8791867575973636e+06    6.1422794492449195e-01    7.9272666200368458e-01    7.1549665916146055e-01    3.2034830592915964e-05    2.7027127318552191e-01    2.4433442633245645e-03    7.1602231443382628e-04    6.6459189841348524e-03    
184     1.4781888635044240e+01    7.8491437608057879e-02    3.8120783369737570e+00    2.9533416802321584e-02    3.1354421747142949e+13    1.8394712396139605e+15    2.2043949220283926e+17    6.6265448223996358e+06    6.1422781389254377e-01    7.8547196854166501e-01    7.1549700328695398e-01    3.1709137447661641e-05    2.7027126346318636e-01    2.4433965244277760e-03    7.1596134194599321e-04    6.6459189855071401e-03    
185     1.4860203654048631e+01    7.8315019004390862e-02    3.9019054799637409e+00    2.6161167858518124e-02    2.6660476155464551e+13    1.7654973247658370e+15    2.2933342450995216e+17    6.3618479075032808e+06    6.1422770105539615e-01    7.8355426478218448e-01    7.1549730045828686e-01    3.1425611021833402e-05    2.7027125621858972e-01    2.4434349270103196e-03    7.1591653809523691e-04    6.6459189864646164e-03    
186     1.4938695440109274e+01    7.8491786060643776e-02    3.9977703519100634e+00    2.2952410992185861e-02    2.2366657923795391e+13    1.6877734421227842e+15    2.3909849724710230e+17    6.0855838452232284e+06    6.1422761058937869e-01    7.9456343939419283e-01    7.1549753909535763e-01    3.1196891209891290e-05    2.7027125092004772e-01    2.4434626398038644e-03    7.1588420592708893e-04    6.6459189871225311e-03    
187     1.5016997845712920e+01    7.8302405603645653e-02    4.1036304887249901e+00    1.9913953522853821e-02    1.8462729192783062e+13    1.6048334298918202e+15    2.4964457104360102e+17    5.7944042513916884e+06    6.1422751275117837e-01    7.9298450787729591e-01    7.1549779819042425e-01    3.0945785627068706e-05    2.7027124660775670e-01    2.4434847033280443e-03    7.1585846472016653e-04    6.6459189876124942e-03    
188     1.5095349043952266e+01    7.8351198239346331e-02    4.2180488161971672e+00    1.7044854187914724e-02    1.4939890010326498e+13    1.5157050055576070e+15    2.6104672875851312e+17    5.4854416948573729e+06    6.1422742545783426e-01    7.9408732889740596e-01    7.1549802981913668e-01    3.0720046147832731e-05    2.7027124340046049e-01    2.4435007952041308e-03    7.1583969057015598e-04    6.6459189879491398e-03    
189     1.5173786587464269e+01    7.8437543512002605e-02    4.3468859112539118e+00    1.4334871180081870e-02    1.1779838972179621e+13    1.4188221449478278e+15    2.7344329370843472e+17    5.1537598892618353e+06    6.1422734512824384e-01    7.9537806736585148e-01    7.1549824335413215e-01    3.0510888322381194e-05    2.7027124099304128e-01    2.4435126138859383e-03    7.1582590190489518e-04    6.6459189881813334e-03    
190     1.5251964489742379e+01    7.8177902278110167e-02    4.4913379303417544e+00    1.1784241033773566e-02    8.9787463581255020e+12    1.3124191157330545e+15    2.8695025386466362e+17    4.7937689146754090e+06    6.1422726897678326e-01    7.9318586748967412e-01    7.1549844611001046e-01    3.0311390274900242e-05    2.7027123918184853e-01    2.4435212938289270e-03    7.1581577516511652e-04    6.6459189883408976e-03    
191     1.5330119211384620e+01    7.8154721642240688e-02    4.6574669018424757e+00    9.3884387825951977e-03    6.5295247138791191e+12    1.1937664355019248e+15    3.0173856545431200e+17    4.3964483541405220e+06    6.1422720168415934e-01    7.9420057321156967e-01    7.1549862547790910e-01    3.0134358453635226e-05    2.7027123786919166e-01    2.4435274344337416e-03    7.1580861103363879e-04    6.6459189884466334e-03    
192     1.5408672756394990e+01    7.8553545010370485e-02    4.8557355072103938e+00    7.1255608393005106e-03    4.4136188815630938e+12    1.0575010973244396e+15    3.1817046070196058e+17    3.9434907322171861e+06    6.1422714315619187e-01    8.0147449648223201e-01    7.1549878161698099e-01    2.9979886730878749e-05    2.7027123692207333e-01    2.4435317558690445e-03    7.1580356929816112e-04    6.6459189885163016e-03    
193     1.5486907980840357e+01    7.8235224445366569e-02    5.1059870908651854e+00    4.9851517202088866e-03    2.6341544619816455e+12    8.9431435171905162e+14    3.3636932573904205e+17    3.4025711429430428e+06    6.1422708549846072e-01    7.9660064017578547e-01    7.1549893559385880e-01    2.9827112614509668e-05    2.7027123622950044e-01    2.4435348170368139e-03    7.1579999789580769e-04    6.6459189885619578e-03    
194     1.5565240167459152e+01    7.8332186618794708e-02    5.4544791031802937e+00    2.9032387441729523e-03    1.1924249928885886e+12    6.8486381116885238e+14    3.6075231397076410e+17    2.6954350727989916e+06    6.1422703285353120e-01    7.9449399536521159e-01    7.1549907626601206e-01    2.9687311754098735e-05    2.7027123572166073e-01    2.4435369977791328e-03    7.1579745366993366e-04    6.6459189885922608e-03    
195     1.5626959304713830e+01    6.1719137254678813e-02    6.1481674016109142e+00    6.1390433308629885e-04    1.4188107096894128e+11    3.8111803320300125e+14    5.5659094713959936e+17    1.5376644085337440e+06    6.1422699061134489e-01    7.9381885797732077e-01    7.1549918919447952e-01    2.9574934128530687e-05    2.7027123539657499e-01    2.4435383523288890e-03    7.1579587334657548e-04    6.6459189886097537e-03    
