196
0.0 0.0006139043330862989 1537664.408533744
0.003949529531062476 0.0029032387441729523 2695435.0727989916
0.008962160913238407 0.004985151720208887 3402571.142943043
0.013968587494369076 0.007125560839300511 3943490.732217186
0.01899538403735841 0.009388438782595198 4396448.354140522
0.02399665908506814 0.011784241033773566 4793768.914675409
0.028999417507465007 0.01433487118008187 5153759.889261835
0.0340187908853903 0.017044854187914724 5485441.694857373
0.03903263885872648 0.01991395352285382 5794404.251391688
0.04404336449490485 0.02295241099218586 6085583.845223228
0.04906620896068437 0.026161167858518124 6361847.907503281
0.054077741753296646 0.029533416802321584 6626544.822399636
0.05910056392090677 0.03308973751551223 6879186.757597364
0.06410921487090472 0.036827288023934715 7122382.971141087
0.0691295555193348 0.04075613628727785 7357757.556538973
0.07416080556820538 0.044870746239619154 7585667.27036564
0.0791728442308546 0.04916505803236179 7806519.421267293
0.08418378412322577 0.053646898537386425 8021241.2472980255
0.08918930949286956 0.0583345557071897 8231078.580261503
0.0942131526106513 0.06323713569341566 8436808.786168676
0.09927021499411987 0.06835133983286444 8638283.20577743
0.10428958365925407 0.0736445003556011 8834675.399095763
0.10929901620310659 0.07915941102935577 9027806.094757743
0.11434795904032395 0.08489363188827226 9217675.966500452
0.11937036926262891 0.09083366949326784 9404045.596183512
0.12439980008736229 0.09698712040538256 9587260.418344794
0.12941610534906725 0.10336130618934447 9767705.423349423
0.13444559388520255 0.10995609846777728 9945466.86049664
0.13945452882095705 0.11677451281506998 10120748.886994425
0.14448466199143048 0.1238238269517971 10293791.566966828
0.1494917998011334 0.13110210721207935 10464593.713321308
0.15452196569066068 0.1386450483013662 10634030.07393754
0.15955605002268353 0.14639866996371875 10802522.769440139
0.16458611311592972 0.15438903251605715 10969030.574730553
0.1696033711131661 0.16262949417700212 11132511.834714392
0.17461919615176827 0.1711079584857028 11294310.505878503
0.17962811692790565 0.17987005715971088 11455194.889613733
0.18466388139363993 0.1888872763692625 11614599.871410763
0.18968556834989367 0.1981784195052071 11773135.308211764
0.19477044073451186 0.20782062086713565 11931563.743893363
0.19980035572967964 0.2176063110101952 12086866.60893504
0.204800557866737 0.22766241030045778 12241134.607873857
0.2098285173668868 0.2380395727956039 12395008.86284479
0.21486809936535348 0.24874195250598655 12548686.741234357
0.21995330574925814 0.2597253450518297 12701489.147380756
0.2249810443377247 0.2708991928764256 12853674.728268621
0.23001157801846103 0.2823630136466953 13003359.363234451
0.23501311030055907 0.2941456238177232 13152619.328755371
0.24007459510680698 0.3063000496658354 13302017.250842858
0.24511387820323052 0.31873692718602054 13450560.26333769
0.2501788429593773 0.3313802760349233 13597390.879658783
0.2551806741988732 0.3444830330589904 13745166.493536195
0.26028042672752477 0.3578922092076112 13892240.422796141
0.2652830386144748 0.37146568381800826 14037276.633724622
0.2702908691332278 0.3854325748152777 14183087.361538278
0.27531520339427007 0.39966501319722936 14327347.05519231
0.2803160208464888 0.4142100573215238 14470992.268090881
0.2853299461630124 0.42914597245982367 14614833.448921498
0.29036738521975713 0.4444931163660199 14759134.782835038
0.2954368765045373 0.460219619993225 14903308.306906503
0.3004899060909753 0.47621986888591394 15046572.69546287
0.305508354459751 0.4925085894332152 15188919.088409562
0.3105359070493942 0.5091488124083499 15331100.986172218
0.3155465616320479 0.5262018581993135 15473550.89012547
0.32059216511998184 0.5436209896732566 15615724.654787378
0.3256145936291089 0.5613805882843765 15757626.715083169
0.33064416493126175 0.5795937164104019 15899924.68839851
0.33569147158679713 0.5981145980937225 16041547.654710716
0.3407107121322628 0.616991358561717 16183256.961243529
0.34572794218829705 0.636277356064558 16324535.674656665
0.35074063618778517 0.6560188081486494 16466702.933811774
0.35580468511900176 0.6762328337834455 16609019.873450365
0.36085207272406616 0.6967981043470172 16751183.128185922
0.36589226740938186 0.7177416885520244 16893149.769622784
0.37090202070945577 0.7391206399770709 17035253.92725451
0.3759639405961761 0.7610401622221831 17178423.46786659
0.3810190387304092 0.7834012435070498 17321523.157656938
0.3860729749010955 0.8059254137149741 17463400.418839432
0.3910732482940501 0.8291502353420084 17606722.224082228
0.396124392984654 0.8537334070650787 17748978.064209785
0.4011255920761634 0.8828253665995666 17904162.655760396
0.4061426141101303 0.9122402072869968 18058223.777266975
0.4111709307312408 0.9425833692583508 18210186.177921776
0.4162363590568412 0.9736749552458694 18348051.51126974
0.4212472834625549 1.0054926581991874 18503792.410497703
0.4262811891257459 1.0381487232458702 18639574.26232016
0.4313156625383739 1.071641405939586 18785598.73655234
0.4363490855340598 1.1061537914767097 18930700.507440206
0.44141812640478195 1.1416037841037645 19043876.195362
0.4464849501649353 1.1778988112057365 19192418.937864203
0.4515235647584027 1.2150828904046587 19338008.990965493
0.4566015720103772 1.2529729133343974 19441217.294635244
0.4616016286707445 1.2915207368902069 19577957.18963365
0.4666179368642868 1.3312301333161292 19682659.972587626
0.4716835775369556 1.372226114401565 19819992.732447222
0.47676666264703177 1.4141719335261553 19939340.6746167
0.48183837729874823 1.4563309606856463 20107901.16205703
0.4868649229174646 1.4994808623944227 20196583.233898904
0.4919245342907681 1.5433968696435607 20313471.57597019
0.49695764288953276 1.5880044846237298 20363241.687655512
0.5019871109989598 1.6324477636854104 21154469.692309346
0.5070628102836388 1.6721946325054837 21590571.198212024
0.5120738970180719 1.7117154680490694 21759172.78449471
0.5170859378117733 1.7521604876435408 21900746.960868865
0.5221716281278436 1.7931803334139358 22039969.271094948
0.5271931245903804 1.8347437621990483 22212896.696885105
0.5322735340876208 1.8770671177349914 22304137.37599662
0.5373689051391545 1.9203288689685654 22537948.510817803
0.542468375504358 1.9636839951628668 22624588.862164315
0.5475394511067541 2.0079698899790115 22802356.174807984
0.5526247977653184 2.052522516251932 23030267.836557806
0.5576554508876367 2.0976847401500645 23082226.490449935
0.5627217552505457 2.1435150598396544 23256316.125121247
0.567760631792389 2.189819891722003 23406069.11533011
0.5728081048656928 2.2366162764323416 23592232.427291963
0.5778104979525804 2.284504066043882 23658700.55981333
0.5828969136451729 2.3333599393304714 23894468.96251457
0.5879985564344316 2.382757788193271 23963842.286637925
0.5930114636625857 2.432633714078281 24227920.91193316
0.5981017646890058 2.4835153807380115 24315203.46884604
0.6031439903469379 2.534878208769135 24409475.764773197
0.6082061860793323 2.5869468636544433 24614893.507165235
0.6132197426040586 2.6398311097124196 24792665.94168859
0.6182840892674514 2.6935720077169187 24897213.538702022
0.623333809933847 2.7479782658819407 24987911.026683215
0.6283553042805643 2.8031299222380235 25241398.78008037
0.6334173926839191 2.859835736673136 25367479.205520462
0.6385559233501086 2.9173393887363708 25565260.585719317
0.6436021868842463 2.9753473615940242 25643291.218915634
0.6486872955290238 3.034304438009125 25833928.373797227
0.6537506553359518 3.093963103404707 25956909.468856223
0.6587765192245425 3.1546570837008665 26095906.197112743
0.6638785967368441 3.216325729491573 26348941.86602949
0.6689170009978369 3.2787754300574132 26431467.210023846
0.6739673602791085 3.342162104339617 26578815.166898977
0.6790219601573916 3.40671414416892 26732614.480865855
0.684100302487967 3.472843880677703 26903621.007657707
0.6892022087243989 3.5398016035680326 27016273.39963424
0.6942644526983064 3.6076311669507253 27202166.80714432
0.6993219782623395 3.6764158012115034 27414834.52229192
0.7043721367454803 3.746542616759275 27535993.208063148
0.7094314219445569 3.817476538185208 27632175.022405542
0.7144442105931702 3.8896078233863736 27807109.743169114
0.7195109327820488 3.963714119922252 28011328.779914208
0.7245977430897163 4.038813117684542 28081801.474976905
0.7296522210232205 4.11482194256925 28153380.899206653
0.7346551176936159 4.191713262848823 28478057.990958873
0.7396655385250522 4.27073346390893 28575745.490739334
0.7447355355126791 4.351982153766438 28686585.843017124
0.7498487215432561 4.435454892661019 28811402.375635747
0.7549749240152094 4.519887107434022 28988150.045495864
0.7600022182320539 4.605349779245024 28962213.035434585
0.7650320955177277 4.693380366880988 29208120.864890914
0.7701734341550357 4.784906596367141 29305133.93132126
0.775281273909068 4.878321226604666 29436803.427102767
0.7803929602032639 4.9735725142316936 29446982.15663684
0.7854525396924938 5.07094295971328 29457354.257907763
0.7904607869146485 5.172619980649646 29808426.48607315
0.795482206475463 5.262973244935877 27196539.27343472
0.8006599246673881 5.3959423936355035 27260086.25888827
0.8057363763649131 5.535013054998179 27332612.204023268
0.8113562540057446 5.674869338921473 27411597.288534608
0.8168237179967313 5.8193665601626785 27499519.070455965
0.8223825257242546 5.966858079079387 27595438.68492693
0.8275127528899925 6.112837729500825 27696539.87377917
0.8332882518486887 6.265917262543397 27808725.209323805
0.8383520151233418 6.434297634669739 27947081.17745079
0.8434106874352664 6.714410946088471 28219922.88821154
0.8488068595624182 7.038035633842811 28527580.624923903
0.8540254107853218 7.330368916602564 28792632.062075134
0.859180968333093 7.499362057331164 28921754.82398808
0.864255639443675 7.674239045603578 29057683.868454907
0.8695717403106339 7.857827290549254 29207909.737402745
0.8753303539945008 8.045941156988023 29369868.76922485
0.8806170081573099 8.240421245820682 29546498.660867378
0.8866835292183202 8.445037295108353 29738636.91006184
0.8923330074075183 8.645112978191872 29929227.22114387
0.8978199212061608 8.838814557419278 30116097.269787468
0.9030724178418866 9.036745682948933 30309455.401008543
0.9088790657466658 9.26848750384906 30536904.098697193
0.9150345527607593 9.492082981912608 30757748.80235624
0.9201069273995957 9.6967731615976 30960686.96174896
0.9255878560664403 9.924993192315371 31189739.939285394
0.930775822693376 10.145717891888157 31411876.025183976
0.9362752570696455 10.391549298319577 31660168.306270506
0.9425623203866115 10.665776787364436 31938283.648931544
0.9476700765960543 10.915553025316068 32192541.693903238
0.9530451677260329 11.18159121270233 32463997.87033408
0.9586204582375942 11.45919374036726 32747559.080837503
0.9639686130784676 11.745673353151178 33040506.30925467
0.9691316125686853 12.034518525408096 33335957.518482063
0.9741897921206192 12.359822093453648 33668633.145685874
0.9794633142546852 12.709717646995468 34025991.6866587
0.984636636296413 13.093190227028659 34416962.763988905
0.9897886628931524 13.532123904629794 34860382.12692128
0.994882522465783 14.11877473780899 35454289.99651166
