196 6
0.0 0.7154991891944795 2.9574934128530687e-05 0.270271235396575 0.002443538352328889 0.0007157958733465755 0.006645918988609754 
0.003949529531062476 0.7154990762660121 2.9687311754098735e-05 0.27027123572166073 0.002443536997779133 0.0007157974536699337 0.006645918988592261 
0.008962160913238407 0.7154989355938588 2.9827112614509668e-05 0.27027123622950044 0.002443534817036814 0.0007157999978958077 0.006645918988561958 
0.013968587494369076 0.715498781616981 2.997988673087875e-05 0.27027123692207333 0.0024435317558690445 0.0007158035692981611 0.006645918988516302 
0.01899538403735841 0.7154986254779091 3.0134358453635226e-05 0.27027123786919166 0.0024435274344337416 0.0007158086110336388 0.006645918988446633 
0.02399665908506814 0.7154984461100105 3.0311390274900242e-05 0.27027123918184853 0.002443521293828927 0.0007158157751651165 0.006645918988340898 
0.028999417507465007 0.7154982433541321 3.0510888322381194e-05 0.2702712409930413 0.0024435126138859383 0.0007158259019048952 0.006645918988181333 
0.0340187908853903 0.7154980298191367 3.072004614783273e-05 0.2702712434004605 0.0024435007952041308 0.000715839690570156 0.00664591898794914 
0.03903263885872648 0.7154977981904243 3.0945785627068706e-05 0.2702712466077567 0.0024434847033280443 0.0007158584647201665 0.006645918987612494 
0.04404336449490485 0.7154975390953576 3.119689120989129e-05 0.2702712509200477 0.0024434626398038644 0.0007158842059270889 0.006645918987122531 
0.04906620896068437 0.7154973004582869 3.14256110218334e-05 0.2702712562185897 0.0024434349270103196 0.0007159165380952369 0.006645918986464616 
0.054077741753296646 0.715497003286954 3.170913744766164e-05 0.27027126346318636 0.002443396524427776 0.0007159613419459932 0.00664591898550714 
0.05910056392090677 0.7154966591614605 3.2034830592915964e-05 0.2702712731855219 0.0024433442633245645 0.0007160223144338263 0.006645918984134852 
0.06410921487090472 0.7154963260061438 3.234483563827114e-05 0.27027128529836325 0.0024432780373556616 0.0007160995796813503 0.006645918982286692 
0.0691295555193348 0.7154959469460533 3.269324706784662e-05 0.27027130124104914 0.0024431897995662007 0.0007162025260357086 0.006645918979696236 
0.07416080556820538 0.7154955708130725 3.303119972154688e-05 0.2702713209771392 0.0024430791315704107 0.0007163316417035264 0.006645918976260737 
0.0791728442308546 0.715495118985969 3.3432123308651275e-05 0.2702713471805354 0.0024429309272401634 0.0007165045509645191 0.006645918971450416 
0.08418378412322577 0.7154946201121153 3.386493060808637e-05 0.27027138103411574 0.002442737644453172 0.0007167300533124601 0.006645918964863976 
0.08918930949286956 0.7154942524307837 3.4159781595798956e-05 0.2702714180934767 0.0024425230126860027 0.0007169804638890167 0.006645918957037482 
0.0942131526106513 0.7154936002656017 3.470154187080329e-05 0.2702714742667711 0.002442197613928309 0.0007173601063670502 0.00664591894492998 
0.09927021499411987 0.7154930578879541 3.511663367341115e-05 0.27027153864976006 0.002441820185579935 0.0007178004525234385 0.006645918929977668 
0.10428958365925407 0.7154924933657869 3.552551729004551e-05 0.2702716171091735 0.002441357096345986 0.0007183407401121613 0.006645918910759611 
0.10929901620310659 0.715491722676419 3.608185405599258e-05 0.2702717249503682 0.0024407180073586017 0.0007190863678957712 0.006645918883371049 
0.11434795904032395 0.7154911546343303 3.64191802793327e-05 0.27027184036300334 0.0024400261642415415 0.0007198935458895406 0.006645918851724728 
0.11937036926262891 0.7154902895387103 3.696110100672783e-05 0.27027200175582594 0.002439055437719216 0.0007210260999528711 0.006645918806253537 
0.12439980008736229 0.7154894515621335 3.74154360558597e-05 0.2702721924004915 0.0024378974137862787 0.0007223771777628244 0.006645918749238469 
0.12941610534906725 0.7154887109203433 3.772377890007377e-05 0.27027240589664636 0.0024365845459108624 0.0007239089165966988 0.0066459186810717335 
0.13444559388520255 0.7154876267906684 3.8216190218568125e-05 0.2702726970790565 0.00243478125835637 0.0007260128359342377 0.006645918585234819 
0.13945452882095705 0.7154866410930203 3.8532053311524686e-05 0.2702730238758567 0.0024327229453834425 0.0007284143019235355 0.00664591846997286 
0.14448466199143048 0.7154854594269218 3.8872654965186175e-05 0.27027343105111856 0.0024301194970998744 0.0007314517903015941 0.006645918319061741 
0.1494917998011334 0.7154841698785943 3.9148090998492336e-05 0.27027391678793516 0.0024269491006832142 0.0007351507535965817 0.006645918127661124 
0.15452196569066068 0.7154827612858728 3.9339411658187936e-05 0.2702744921945423 0.0024230977262906577 0.0007396442356635629 0.0066459178854413065 
0.15955605002268353 0.7154813152478048 3.94031954872969e-05 0.27027513474668774 0.002418659313713252 0.0007448226416122148 0.006645917594163491 
0.16458611311592972 0.7154796770045726 3.939152778916923e-05 0.2702758875468991 0.002413276330443815 0.0007511031024431072 0.006645917227320525 
0.1696033711131661 0.7154779206943923 3.9234172164073705e-05 0.270276739623041 0.0024069064782923874 0.0007585349972873619 0.00664591677429143 
0.17461919615176827 0.7154755883134389 3.911066964345837e-05 0.27027781055478184 0.0023985963123442657 0.0007682307220758101 0.006645916167184397 
0.17962811692790565 0.7154734766350199 3.86719365612401e-05 0.27027887542581497 0.0023896825519471106 0.0007786307130613089 0.006645915477063837 
0.18466388139363993 0.7154709298832208 3.818697219526422e-05 0.27028009913927303 0.0023788338839498234 0.0007912882527719515 0.006645914608057595 
0.18968556834989367 0.7154673710384095 3.77455155800376e-05 0.27028167077291637 0.0023642609810287404 0.0008082910184372323 0.006645913413096817 
0.19477044073451186 0.7154643304573899 3.6943442600800786e-05 0.27028306214779524 0.0023495523348465814 0.0008254522390226724 0.00664591211781346 
0.19980035572967964 0.7154603442080107 3.618590413661607e-05 0.2702847193627872 0.0023310316414595 0.0008470611802981818 0.006645910442776604 
0.204800557866737 0.7154559666306833 3.532690484166568e-05 0.2702864279394131 0.0023098621341074636 0.0008717606974802729 0.006645908432942649 
0.2098285173668868 0.7154512184681833 3.4395080342599854e-05 0.2702881405754491 0.002286056243349229 0.0008995363191751254 0.006645906052969038 
0.21486809936535348 0.715443709221132 3.353629921829985e-05 0.2702906669411959 0.0022510036133666454 0.0009404341521314368 0.006645902512424312 
0.21995330574925814 0.7154387439921465 3.2473525572476747e-05 0.2702920751482841 0.0022232824563771523 0.0009727782829719659 0.006645899334116383 
0.2249810443377247 0.7154313531968272 3.152261907227781e-05 0.2702941087639925 0.0021854306605842743 0.0010169425370461938 0.0066458949619458575 
0.23001157801846103 0.7154216334403247 3.0575599172661246e-05 0.27029665712642625 0.0021367158131127277 0.0010737816166973245 0.006645889143735189 
0.23501311030055907 0.7154113097283213 2.9612867773428934e-05 0.2702990774785854 0.0020835141246297794 0.0011358562359125256 0.006645882304246158 
0.24007459510680698 0.7154019156485792 2.871796264153288e-05 0.27030089568345683 0.0020326840248425676 0.0011951643784225902 0.006645875041525638 
0.24511387820323052 0.7153871665522458 2.775257218376329e-05 0.2703040382544345 0.0019572444042386178 0.001283186718553482 0.006645864237812554 
0.2501788429593773 0.7153765536740286 2.6989884565368485e-05 0.27030566488305846 0.001898743335076035 0.001351446680554362 0.006645854282185857 
0.2551806741988732 0.7153582442165242 2.603320252956271e-05 0.2703091585546229 0.0018040966776107377 0.0014618815866592487 0.006645838501521881 
0.26028042672752477 0.715342701065499 2.525661404159976e-05 0.270311596732899 0.0017207950610783405 0.001559081097057062 0.006645822168893725 
0.2652830386144748 0.7152964763262402 2.449280193637827e-05 0.27033181666147843 0.0015582209577785604 0.0017510403119314162 0.006643205680103677 
0.2702908691332278 0.7149786483707661 2.3725199266078773e-05 0.27051839113066767 0.0007456341541464283 0.002722928564384785 0.006615925320237898 
0.27531520339427007 0.714966586847649 2.2965999560837757e-05 0.2705237241685086 0.0007004824481501023 0.0027758687501753185 0.006615624525424769 
0.2803160208464888 0.714960982765454 2.2316750825792854e-05 0.27052649078892654 0.0006795853001693174 0.00280022178854762 0.006615655345545086 
0.2853299461630124 0.7149577293547843 2.1737528751988752e-05 0.27052843170791446 0.0006683423672584961 0.0028132133023818485 0.00661579847837754 
0.29036738521975713 0.7149409218556867 2.0912735313199312e-05 0.2705371120034483 0.0006141640452825149 0.0028769654079766963 0.006615176691760919 
0.2954368765045373 0.7149375737904802 2.0368177486083077e-05 0.27053975358257815 0.0006067376511543819 0.002885536353613356 0.006615283184156538 
0.3004899060909753 0.7149250723271934 1.964841955632562e-05 0.27054710706791923 0.0005712251548398782 0.0029273246938844115 0.006614875076075626 
0.305508354459751 0.7149279163958455 1.9304348812526843e-05 0.2705474080652016 0.0005883332287031207 0.0029070128212091125 0.00661527787969641 
0.3105359070493942 0.714915339530174 1.8629630568620974e-05 0.27055557179983925 0.0005574666223583145 0.002943419957732283 0.006614825198796335 
0.3155465616320479 0.7149062163047616 1.8047460441987562e-05 0.2705625233321219 0.0005407324486305784 0.002963189320306074 0.006614543873206134 
0.32059216511998184 0.7149028155306555 1.7643728195522836e-05 0.2705670965516431 0.0005453414690334832 0.002957815931545018 0.006614539528395842 
0.3256145936291089 0.7148916119335199 1.7046271164929597e-05 0.2705757892375837 0.0005263938366214757 0.002980268496261853 0.006614142964316418 
0.33064416493126175 0.7148908915150703 1.6795221536856233e-05 0.2705800734227473 0.0005463145661969662 0.0029569758135193957 0.006614202200397629 
0.33569147158679713 0.7148872760141911 1.6478668137277513e-05 0.27058562816093734 0.0005560343040824976 0.002945655212496575 0.006614180379623943 
0.3407107121322628 0.7148594934495013 1.550194027445408e-05 0.27060433018662516 0.0004947155281102186 0.0030183314883777635 0.0066128801465799095 
0.34572794218829705 0.7148687316837269 1.5671122045780027e-05 0.27060456472939814 0.000552963078888115 0.0029499142479546023 0.00661340787745491 
0.35074063618778517 0.7148424333054864 1.4803591490491639e-05 0.2706235810181786 0.0005031479789908819 0.0030091021409391116 0.006612184704383204 
0.35580468511900176 0.7148435549826817 1.4804605361366594e-05 0.270628342899979 0.0005385948046236389 0.0029675848911936316 0.006612370555629605 
0.36085207272406616 0.714825034635031 1.4309341031743655e-05 0.27064495703904845 0.000523466204318269 0.002986074648199441 0.006611410871839639 
0.36589226740938186 0.7148096433010277 1.3935950592438255e-05 0.2706600658732001 0.0005189827519922008 0.002991944804922882 0.0066106800577333345 
0.37090202070945577 0.7148025490803205 1.3874207728366746e-05 0.2706708949075908 0.0005407947027747925 0.002966761748832009 0.006610378092222304 
0.3759639405961761 0.7147750482586278 1.3272292160309726e-05 0.270694593035951 0.000513295041538802 0.003000095362744358 0.006608948748446651 
0.3810190387304092 0.7147657475532283 1.3331027462574339e-05 0.27070869088699384 0.0005419861220323314 0.0029671406748801063 0.006608356474871564 
0.3860729749010955 0.7147408903543844 1.29559444680775e-05 0.27073233176849637 0.0005314294823199907 0.002980633031859347 0.006607012157940308 
0.3910732482940501 0.7147210761404733 1.2848900764750766e-05 0.27075423736391224 0.0005424460457349274 0.0029688180818346647 0.0066058262067485995 
0.396124392984654 0.7131734727999762 1.7352554489097218e-05 0.2723860333648613 0.0009192099247240443 0.002710576563428074 0.006398607531989718 
0.4011255920761634 0.7041425731605376 1.964864914459992e-05 0.281552225565437 0.0011100007655651352 0.0032285185253455055 0.00555228607343886 
0.4061426141101303 0.6961520929366479 1.943897291857023e-05 0.28960059378647074 0.0010945635545674091 0.0036682869307658257 0.005070276558098308 
0.4111709307312408 0.6885053615431836 1.9668961839176945e-05 0.29729050091562015 0.0011099666094621875 0.003936186541586629 0.004743568167776717 
0.4162363590568412 0.6824018817334241 2.0586074499118767e-05 0.303423318060382 0.0011698244168697667 0.0040082994579368455 0.004581342996356857 
0.4212472834625549 0.6744587453878164 2.0384120516380218e-05 0.3113923799836763 0.0011479781471345168 0.004239339453245363 0.004346425647079832 
0.4262811891257459 0.6687036846241882 2.113563285192615e-05 0.31716393584542774 0.0011886261656997965 0.004265220349805154 0.004262650121495896 
0.4313156625383739 0.6619655231266577 2.1395645656772934e-05 0.3239174272565484 0.0011934275180031345 0.004363146679198827 0.004144332513403429 
0.4363490855340598 0.6553246621708559 2.1748941444468487e-05 0.3305707832885762 0.0012024366820563126 0.004432063900501364 0.004053557756034411 
0.44141812640478195 0.6519308542976472 2.303629128730377e-05 0.33396791754838717 0.001265371340204315 0.004317512519939259 0.00410056074200329 
0.4464849501649353 0.6450362626090029 2.321646161277911e-05 0.3408721949103216 0.001257875815840988 0.004404062982096517 0.004011639960593711 
0.4515235647584027 0.638539904980825 2.3537750069270527e-05 0.3473760297085991 0.0012580493125411776 0.0044582473663532865 0.0039494836210809585 
0.4566015720103772 0.6360540932781072 2.4857373767813062e-05 0.3498602969344602 0.0013126352731593074 0.004329306152806461 0.004024063727167439 
0.4616016286707445 0.630410485032207 2.5303298351628133e-05 0.355508315883433 0.0013157042514064811 0.004356141597156006 0.003989302676914589 
0.4666179368642868 0.6277886519151776 2.6446867068485882e-05 0.3581282787549731 0.0013546740037767623 0.004260125437554625 0.004047075760917696 
0.4716835775369556 0.6221718758659592 2.6897515445045587e-05 0.36374828982482216 0.0013553899461373575 0.004284254588428426 0.004018544998676366 
0.47676666264703177 0.6182244631156474 2.768948347610081e-05 0.3676955693029648 0.0013735449558089086 0.00424650377022712 0.004037482111344354 
0.48183837729874823 0.6103496813132484 2.749150461608106e-05 0.37557733914610936 0.0013428776588335148 0.004365591229701316 0.003942271886960083 
0.4868649229174646 0.6093644949827511 2.872414958439316e-05 0.3765574266133599 0.001384182605853758 0.004242149492039536 0.004028274895879883 
0.4919245342907681 0.6060870249663739 2.9381029168068682e-05 0.37983385703391465 0.001398833081790397 0.004205286034515476 0.004050870593706166 
0.49695764288953276 0.6085043215983693 3.0979420343896486e-05 0.37740737784366485 0.0014629683437276224 0.004002547920443744 0.004197057612919455 
0.5019871109989598 0.5502218290977768 2.0443250417056442e-05 0.43577731059904357 0.0010055623575150328 0.005608157148958749 0.0029719502857571915 
0.5070628102836388 0.5257399754136346 1.5832309360737806e-05 0.46029674467909937 0.0008005532496776664 0.006317297917912779 0.0024348491697833716 
0.5120738970180719 0.5236714419302234 1.5472385191355995e-05 0.4623682913014691 0.0007820447148380641 0.006379057002730292 0.002388945405016159 
0.5170859378117733 0.5239526717970691 1.5547097043657915e-05 0.46208643852804365 0.0007834438076079394 0.006371955089840887 0.002395196419863272 
0.5221716281278436 0.5244416734473732 1.564579802836227e-05 0.4615964868630321 0.0007864833854135103 0.00635890354556991 0.0024060597000512404 
0.5271931245903804 0.5222755909478876 1.5217398164577811e-05 0.46376575395847114 0.0007669689559237509 0.006423730587003694 0.0023579908920180214 
0.5322735340876208 0.5266746585053236 1.603123060449782e-05 0.4593596357669613 0.0008027877083689786 0.006296495886531693 0.0024556436416780982 
0.5373689051391545 0.5199658708606004 1.4699235268131641e-05 0.466078701529208 0.0007447898601052532 0.00649444705445244 0.0023067441998345945 
0.542468375504358 0.5247281789632664 1.5543990390387218e-05 0.46130875722966797 0.0007833289087345804 0.006356982515388235 0.002412461132021245 
0.5475394511067541 0.5225009077681736 1.5037365334002683e-05 0.463539311153441 0.0007629160317521413 0.006424045287048228 0.002363035133719747 
0.5526247977653184 0.5165086245505512 1.3815221771515437e-05 0.469540799811489 0.0007110674928203196 0.006600908289267057 0.0022300373735692413 
0.5576554508876367 0.5239061590714958 1.5093612038799676e-05 0.462131441678159 0.0007709564430594751 0.006387350850546189 0.0023942510841694453 
0.5627217552505457 0.521951019312767 1.4597538825750451e-05 0.46408942575284057 0.0007525072675793352 0.006446836625846124 0.0023508662416097054 
0.567760631792389 0.5219627388877245 1.445505212429396e-05 0.4640774460414763 0.0007502969377919545 0.006449175675305953 0.002351140145045615 
0.5728081048656928 0.5191817547402908 1.3795989287076689e-05 0.4668625743472026 0.0007249201214556272 0.006532783965336049 0.0022894235758962327 
0.5778104979525804 0.5253558008261584 1.4733030642002075e-05 0.4606784679639228 0.0007729787218417624 0.006356784413277899 0.0024264877836257834 
0.5828969136451729 0.5191458882023814 1.3439282571903823e-05 0.4668979206109642 0.0007190843171096963 0.006540261950663766 0.0022886583757776337 
0.5879985564344316 0.5250827763462896 1.428178041840289e-05 0.4609512454369886 0.0007642702837527133 0.006372216302949728 0.0024204625890696537 
0.5930114636625857 0.5169056950105838 1.2665126973565024e-05 0.46914100862114466 0.0006945376904795025 0.006612382052291655 0.0022389642379955503 
0.5981017646890058 0.5215838604482822 1.3258951167509968e-05 0.46445497250500567 0.0007287761287504538 0.006481554383266764 0.002342830322996054 
0.6031439903469379 0.5257230819511473 1.371594920308764e-05 0.4603086267587132 0.0007577029177255767 0.0063673878245818155 0.0024347373380977336 
0.6082061860793323 0.5218832681216427 1.284229526346976e-05 0.46415410356760894 0.0007225263555904925 0.006482991747723535 0.002349520651639695 
0.6132197426040586 0.5200591233059991 1.2317288641783744e-05 0.4659806588515073 0.0007034853493604164 0.006540618993694176 0.0023090489502657343 
0.6182840892674514 0.5234740444902926 1.2616665118257045e-05 0.4625595662105187 0.0007251290237348872 0.006449012525288941 0.0023848838245152677 
0.623333809933847 0.5278061119874908 1.3022864694986954e-05 0.4582196724909207 0.0007527593674418765 0.006332601563546938 0.002481084465373006 
0.6283553042805643 0.5208790946189849 1.170866312116874e-05 0.4651572800588993 0.0006931019368680138 0.006536734220174394 0.0023273332414210633 
0.6334173926839191 0.5229436213404219 1.1766868500355045e-05 0.4630884995096924 0.0007023266188671942 0.006485840605442904 0.002373197796543857 
0.6385559233501086 0.5201262461021995 1.11109358131487e-05 0.46590966094216685 0.00067422090009276 0.0065733324468713605 0.0023106814123248715 
0.6436021868842463 0.5254166399573208 1.161363216069386e-05 0.4606093709932147 0.0007059778518985942 0.0064334791102720786 0.0024281711946019823 
0.6486872955290238 0.5231191927200222 1.1034283982460953e-05 0.462909547198004 0.0006806489784687664 0.006507627150130616 0.0023772024088605744 
0.6537506553359518 0.5253659257460919 1.1084920506818016e-05 0.4606577254718823 0.0006878637117084056 0.006455526327877066 0.00242712656140225 
0.6587765192245425 0.526581462684572 1.0982272216873979e-05 0.4594386632264001 0.0006863718156856059 0.006433611731553639 0.0024541610090403764 
0.6638785967368441 0.520323794423998 9.926156800415311e-06 0.465705773934536 0.0006325172466033595 0.006617976717763205 0.0023152642597676805 
0.6689170009978369 0.5253131103508925 1.0323018370754353e-05 0.4607061399764518 0.0006561133037622817 0.006493471063724982 0.0024260950262661343 
0.6739673602791085 0.5260563964206066 1.0165201887886258e-05 0.459959744846192 0.0006489309402213255 0.006487361772785732 0.0024426535577751186 
0.6790219601573916 0.5264444247757574 9.963372920872386e-06 0.45956906908802514 0.0006383412808274185 0.006492126354157224 0.002451327867780536 
0.684100302487967 0.525846060783401 9.649591195596852e-06 0.4601664438911761 0.0006206037220312737 0.006524393194834481 0.002438101556829948 
0.6892022087243989 0.5289898060263722 9.764890789508519e-06 0.45701457371616566 0.0006249553851285893 0.006458171887156166 0.002507980833856362 
0.6942644526983064 0.527453729364627 9.34814016284538e-06 0.45855105082182185 0.0005993262657778882 0.006517859018631447 0.0024739391284474463 
0.6993219782623395 0.5242421215079388 8.77161078064615e-06 0.4617457076781432 0.00043918077862184073 0.006768839113745855 0.0024006320502383198 
0.7043721367454803 0.5268416973344023 8.830743940227437e-06 0.45909852043236876 0.00019418684031316543 0.007007625633396893 0.0024543917550472606 
0.7094314219445569 0.5310245503824342 9.03653821620112e-06 0.4549029393022244 0.0001885235126414626 0.006933184049775174 0.0025470189541771026 
0.7144442105931702 0.530320288964142 8.730202337382613e-06 0.455608044106806 0.00018007626933659644 0.006956653637026321 0.0025314595598203934 
0.7195109327820488 0.5279690226304445 8.276150632107417e-06 0.4579643557436553 0.00016860723086370815 0.0070155534869239585 0.002479437496948904 
0.7245977430897163 0.5338317080690149 8.612438684131986e-06 0.45208493887812917 0.0001676011190523999 0.006903135108822388 0.002609257125765628 
0.7296522210232205 0.5395255272882742 8.895672487715496e-06 0.44637395256672946 0.0001608614396834833 0.006800674018992393 0.00273534175330117 
0.7346551176936159 0.5298640123465667 7.787406821252316e-06 0.4560614286584056 0.00014958352439937698 0.007000959344771513 0.0025214814585040957 
0.7396655385250522 0.5340599791071051 7.944412841291117e-06 0.4518528990043715 0.00014484167514560047 0.006925182447366767 0.0026144060926382535 
0.7447355355126791 0.5375508269773395 8.015110114110687e-06 0.4483511577324107 0.00013789226083067675 0.006865638816259568 0.0026917218425139035 
0.7498487215432561 0.5402758059674749 8.003733010133851e-06 0.4456178494302387 0.0001331246232678783 0.006818378479921104 0.002752090505555806 
0.7549749240152094 0.5398485941394493 7.733273136377399e-06 0.44604545445372207 0.0001267953451650046 0.00683400594458098 0.002742669583415033 
0.7600022182320539 0.5512210427291562 8.371641177484133e-06 0.4346397437007294 0.00011991824424515063 0.0066216859466807125 0.002994490477479607 
0.7650320955177277 0.54675347985277 7.768768477821416e-06 0.43911908459170385 0.00011281490018253697 0.006716486409380713 0.0028956182169536794 
0.7701734341550357 0.550971681642704 7.82080981941899e-06 0.4348880896318854 0.00010644403058152009 0.006642163871982203 0.0029890527524960844 
0.775281273909068 0.5530731462838518 7.703361900244646e-06 0.43277955286114184 9.822201769309961e-05 0.006611021526117283 0.0030356066887642975 
0.7803929602032639 0.5620577963786378 8.037962834057459e-06 0.4237686581299757 9.19982662818775e-05 0.006444173364618281 0.003234588637120746 
0.7854525396924938 0.5706455925346736 8.293610453807089e-06 0.4151556814331549 8.510007964612433e-05 0.006285794881276367 0.0034247902002637175 
0.7904607869146485 0.5592461517957332 7.277512802773322e-06 0.42658683514330015 7.997795961382107e-05 0.006512624609563677 0.003172385718454926 
0.795482206475463 0.7147328311823242 1.618923550671176e-05 0.2706546531263856 4.2653194222964e-05 0.003543579375442527 0.006615346625586617 
0.8006599246673881 0.7147122528906844 1.4804762435144247e-05 0.270674107290548 2.7326500653570795e-05 0.0035617814565962165 0.0066149798385511235 
0.8057363763649131 0.7146894195970734 1.3496855428775774e-05 0.27069701708027777 1.9564980545570237e-05 0.0035712717939678468 0.006614482432175159 
0.8113562540057446 0.7146640603856452 1.231013547086147e-05 0.2707232052244781 1.6932228126332034e-05 0.003574910372645693 0.006613834393102317 
0.8168237179967313 0.7146338657061619 1.1204935020422146e-05 0.27075455068917814 1.6533111144667874e-05 0.003576160738967159 0.006612937558996199 
0.8223825257242546 0.714597950362018 1.0187367131185393e-05 0.2707916805302445 1.681644554011343e-05 0.0035768781286098362 0.006611739905924934 
0.8275127528899925 0.71455562831151 9.278417593538333e-06 0.27083518112419397 1.7235964111797636e-05 0.003577786409268372 0.006610142512791022 
0.8332882518486887 0.7145029471747982 8.41669983029786e-06 0.2708890758607231 1.7702240266455834e-05 0.0035791616059541458 0.006607949157896305 
0.8383520151233418 0.7092902492071039 7.572755766574691e-06 0.27616963268749933 2.0527616960693432e-05 0.004041673465461275 0.006075597006676835 
0.8434106874352664 0.6741038321923982 6.382943893927599e-06 0.31165011653996283 3.1566487451530484e-05 0.006066055282176633 0.00374729929358554 
0.8488068595624182 0.6345372184200265 5.234509989416538e-06 0.35137584644790265 3.8380033637108935e-05 0.007155930919389625 0.0024926424085233794 
0.8540254107853218 0.6038500287427022 1.5642440224297468e-06 0.3821453606528246 6.651389406757877e-05 0.007640865076462627 0.0019009201293895984 
0.859180968333093 0.6013063483858843 2.7628594921391713e-07 0.3846967504244058 7.477467762503509e-05 0.0076665401116565775 0.0018605628539484496 
0.864255639443675 0.6013063483792068 2.762859342829574e-07 0.3846967504311215 7.477467769000437e-05 0.007666540111668493 0.0018605628538482068 
0.8695717403106339 0.60130634836752 2.762859071769917e-07 0.3846967504428787 7.47746778181601e-05 0.007666540111672592 0.0018605628536726483 
0.8753303539945008 0.6013063483505363 2.7628586626910976e-07 0.3846967504599705 7.477467802962465e-05 0.007666540111649289 0.001860562853417327 
0.8806170081573099 0.6013063483273426 2.762858081131994e-07 0.38469675048332125 7.477467836157615e-05 0.0076665401115673945 0.00186056285306832 
0.8866835292183202 0.6013063483030697 2.7628574499277827e-07 0.3846967505077688 7.477467875715413e-05 0.0076665401114257995 0.001860562852702703 
0.8923330074075183 0.6013063482843709 2.7628569430560863e-07 0.38469675052661284 7.47746791118533e-05 0.007666540111258771 0.0018605628524206617 
0.8978199212061608 0.6013063482674956 2.7628564677695545e-07 0.38469675054362906 7.477467948122228e-05 0.007666540111050894 0.001860562852165745 
0.9030724178418866 0.6013063482505948 2.7628559736519276e-07 0.3846967505606824 7.477467990794751e-05 0.007666540110776821 0.0018605628519100014 
0.9088790657466658 0.6013063482307295 2.762855369940784e-07 0.38469675058074304 7.477468049154876e-05 0.007666540110359543 0.0018605628516087584 
0.9150345527607593 0.6013063482114281 2.762854760403261e-07 0.384696750600252 7.477468115216778e-05 0.0076665401098455705 0.00186056285131533 
0.9201069273995957 0.6013063481934503 2.762854171604845e-07 0.38469675061844194 7.47746818654476e-05 0.00766654010925324 0.0018605628510412388 
0.9255878560664403 0.6013063481733665 2.762853491365757e-07 0.3846967506387849 7.47746827814306e-05 0.007666540108453358 0.0018605628507340798 
0.930775822693376 0.601306348153617 2.762852799506595e-07 0.3846967506588142 7.477468382028577e-05 0.00766654010750663 0.0018605628504309137 
0.9362752570696455 0.6013063481312199 2.7628519877930514e-07 0.3846967506815635 7.477468518570792e-05 0.007666540106215829 0.0018605628500855515 
0.9425623203866115 0.6013063481059769 2.7628510419274406e-07 0.3846967507072476 7.477468697122654e-05 0.007666540104475117 0.001860562849694245 
0.9476700765960543 0.6013063480826133 2.762850137231609e-07 0.3846967507310674 7.477468889229976e-05 0.007666540102552763 0.0018605628493297906 
0.9530451677260329 0.6013063480573675 2.7628491302530264e-07 0.384696750756862 7.477469128242171e-05 0.007666540100111248 0.0018605628489332619 
0.9586204582375942 0.6013063480306738 2.7628480350241864e-07 0.3846967507842023 7.477469418827463e-05 0.007666540097090853 0.0018605628485106737 
0.9639686130784676 0.6013063480027592 2.76284685828091e-07 0.38469675081287275 7.477469768335803e-05 0.0076665400934034945 0.0018605628480646854 
0.9691316125686853 0.601306347974296 2.762845628343339e-07 0.38469675084219607 7.477470176202809e-05 0.007666540089047045 0.0018605628476052575 
0.9741897921206192 0.6013063479419398 2.7628441968363264e-07 0.38469675087564775 7.477470708015829e-05 0.007666540083305064 0.0018605628470766832 
0.9794633142546852 0.6013063479069781 2.7628426151203675e-07 0.3846967509119425 7.477471369464432e-05 0.0076665400760950846 0.0018605628464973447 
0.984636636296413 0.6013063478688105 2.7628408525102137e-07 0.3846967509517559 7.477472202849164e-05 0.007666540066935075 0.001860562845854128 
0.9897886628931524 0.601306347825377 2.7628388087689507e-07 0.3846967509973245 7.477473305212939e-05 0.007666540054727975 0.0018605628451069185 
0.994882522465783 0.6013063477702577 2.7628361692965696e-07 0.3846967510556113 7.477474974066613e-05 0.007666540036111878 0.0018605628441310754 
